3306,63430.1084,0.0,0.0,63857.884521484375
3307,141104.292,0.0,0.0,141747.0614013672
3315,176423.60677999986,0.0,0.0,177437.18908691406
3318,0.0,0.0,0.0,0.0
3319,0.0,0.0,0.0,0.0
3333,95191.63620000007,0.0,0.0,96939.76803588867
3353,19659.355174459983,0.0,0.0,20179.432739257812
3355,317460.87399999995,0.0,0.0,326233.0361328125
3359,250853.58820000011,0.0,0.0,258347.40087890625
3218,566.5060000000012,0.0,0.0,563.906005859375
3361,213749.31401999923,0.0,0.0,219819.47247314453
3363,247929.8310999996,0.0,0.0,249658.74267578125
3377,0.0,0.0,0.0,0.0
3378,57222.84199999971,0.0,0.0,58419.088134765625
3379,167010.59990000026,0.0,0.0,169654.6610107422
3384,130304.64869999955,0.0,0.0,132407.20751953125
3389,369343.96449999814,0.0,0.0,375242.87048339844
3390,178003.21939999843,0.0,0.0,180400.41247558594
3403,313314.8435000004,0.0,0.0,314867.5458984375
3404,739.8772999998182,0.0,0.0,733.7642822265625
3405,121206.33396000136,0.0,0.0,122090.22509765625
3406,94958.51890000049,0.0,0.0,95967.35412597656
3407,256674.04077000264,0.0,0.0,258419.4072265625
3408,316258.2747699972,0.0,0.0,318140.3552246094
3409,98730.87529999902,0.0,0.0,99400.10998535156
3410,0.0,0.0,0.0,0.0
3266,55696.275900000015,0.0,0.0,57999.22229003906
3262,22527.88399999997,0.0,0.0,23499.108459472656
3261,63395.58220000002,0.0,0.0,66925.4072265625
3269,15026.711390999932,0.0,0.0,15352.227294921875
3267,19933.560400000017,0.0,0.0,20530.682678222656
3270,6734.5098664000025,0.0,0.0,6954.616455078125
3280,0.0,0.0,0.0,0.0
3288,644.903999999995,0.0,0.0,660.8429565429688
3285,0.0,0.0,0.0,0.0
3282,2189.6790000000046,0.0,0.0,2210.5076904296875
3281,0.0,0.0,0.0,0.0
3279,0.0,0.0,0.0,0.0
3278,0.0,0.0,0.0,0.0
3411,112637.03299999889,0.0,0.0,113454.28680419922
3418,0.0,0.0,0.0,0.0
3421,7792.721999999601,0.0,0.0,7811.47119140625
3422,127899.2597500002,0.0,0.0,128822.3828125
3429,83970.39259999944,0.0,0.0,86924.46557617188
3431,51047.6883999994,0.0,0.0,53032.671630859375
3432,459499.10205000313,0.0,0.0,475121.89099121094
3433,153092.4840000011,0.0,0.0,158360.19116210938
3434,476657.92000000644,0.0,0.0,491905.4343261719
3435,482336.715800005,0.0,0.0,497515.2490234375
3436,252979.3087000046,0.0,0.0,261009.63732910156
3437,0.0,0.0,0.0,0.0
3441,30313.13000000082,0.0,0.0,31229.9404296875
3442,440315.041000003,0.0,0.0,454273.1423339844
3443,0.0,0.0,0.0,0.0
3449,123167.2305096006,0.0,0.0,126954.15478515625
3456,0.0,0.0,0.0,0.0
3457,0.0,0.0,0.0,0.0
3459,298606.4862999972,0.0,0.0,308249.63134765625
3460,10757.476825399324,0.0,0.0,11122.363037109375
3461,303928.02449999936,0.0,0.0,313857.0993652344
3462,316154.4456999991,0.0,0.0,326331.7458496094
3463,206814.90970000438,0.0,0.0,213511.58129882812
3464,466729.61430544406,0.0,0.0,480977.52978515625
3465,501447.63681999873,0.0,0.0,517992.38537597656
3466,401681.3416299969,0.0,0.0,414634.82470703125
3467,258355.7502000034,0.0,0.0,266760.4567871094
3469,309717.38800000213,0.0,0.0,319874.90826416016
3480,512423.30969998986,0.0,0.0,529982.8089599609
3482,500667.0795000028,0.0,0.0,516755.41009521484
3484,350775.26822000183,0.0,0.0,362363.2741699219
3485,531159.6117000058,0.0,0.0,544408.8093261719
3488,487998.33550000377,0.0,0.0,499258.7579345703
3490,486574.85459999926,0.0,0.0,498765.68380737305
3492,65708.45530000143,0.0,0.0,67217.44604492188
3493,250176.46769999713,0.0,0.0,255997.17443847656
3499,101565.89700000174,0.0,0.0,102382.14599609375
3500,26271.729999998584,0.0,0.0,26372.782836914062
3501,351529.51670000143,0.0,0.0,354642.54431152344
3505,234227.04260000028,0.0,0.0,236196.2244873047
3506,394108.55329999886,0.0,0.0,397322.7071533203
3507,396189.0789000001,0.0,0.0,400259.04626464844
3508,214959.94129999913,0.0,0.0,217751.27661132812
3512,366589.87369999103,0.0,0.0,370893.4812011719
3513,419419.3328999933,0.0,0.0,425191.17041015625
3517,69822.67337975092,0.0,0.0,70763.29382324219
3518,69922.84048455395,0.0,0.0,70883.486328125
3519,62089.69140000269,0.0,0.0,62956.352478027344
3520,415978.5972000081,0.0,0.0,422282.4953613281
3521,328394.74240000173,0.0,0.0,332767.2235107422
3522,371931.44279999845,0.0,0.0,377468.82373046875
3526,319075.06499998644,0.0,0.0,322120.16638183594
3527,137605.29870000482,0.0,0.0,139312.49670410156
3528,297080.8050000034,0.0,0.0,298524.98779296875
3529,226663.72037999332,0.0,0.0,227282.875
3530,257016.1386000067,0.0,0.0,257935.36206054688
3531,222993.73770000413,0.0,0.0,223625.13159179688
3532,252445.41699998826,0.0,0.0,253085.97802734375
3533,205702.5119999908,0.0,0.0,206317.8896484375
3534,151574.89799999446,0.0,0.0,151491.0166015625
3535,152704.27399999276,0.0,0.0,152624.03955078125
3536,14353.692699998617,0.0,0.0,14277.155670166016
3537,0.0,0.0,0.0,0.0
3538,429526.33399999514,0.0,0.0,440091.27587890625
3540,425902.6457000002,0.0,0.0,435367.7391357422
3542,108303.0380999893,0.0,0.0,110886.04052734375
3544,304114.79620001465,0.0,0.0,304839.7653808594
3545,256194.3704000078,0.0,0.0,256885.75390625
3547,227236.74820001796,0.0,0.0,228009.63134765625
3548,218922.66308299825,0.0,0.0,219604.84045410156
3698,273249.97120001167,0.0,0.0,274901.6121826172
3699,91078.05053999275,0.0,0.0,91720.84497070312
3700,66879.84219999611,0.0,0.0,67385.50744628906
3702,335336.14900001884,0.0,0.0,337210.91162109375
3705,8752.434000000358,0.0,0.0,8906.48974609375
3708,8831.11499999836,0.0,0.0,9094.897827148438
3709,291739.5638999976,0.0,0.0,292347.20446777344
3711,40340.04919999465,0.0,0.0,41380.015869140625
3712,376200.72543079406,0.0,0.0,387185.6384277344
3719,75401.30069999397,0.0,0.0,76502.84057617188
3720,86237.25420000032,0.0,0.0,87991.22668457031
3722,38670.938300002366,0.0,0.0,39627.06384277344
3735,0.0,0.0,0.0,0.0
3736,242299.6939999871,0.0,0.0,248896.80926513672
3738,321824.2960999869,0.0,0.0,329240.5952758789
3739,55013.02470000461,0.0,0.0,56581.269470214844
3741,18758.895918101072,0.0,0.0,19343.445190429688
3743,0.0,0.0,0.0,0.0
3748,217611.55779999122,0.0,0.0,221530.28881835938
3750,391557.12799998745,0.0,0.0,400335.01232910156
3752,409059.371400021,0.0,0.0,417559.1689758301
3754,0.0,0.0,0.0,0.0
3756,0.0,0.0,0.0,0.0
3757,0.0,0.0,0.0,0.0
3768,0.0,0.0,0.0,0.0
3770,0.0,0.0,0.0,0.0
3771,71240.04427000135,0.0,0.0,78838.05236816406
3773,0.0,0.0,0.0,0.0
3778,0.0,0.0,0.0,0.0
3779,0.0,0.0,0.0,0.0
3780,0.0,0.0,0.0,0.0
3782,0.0,0.0,0.0,0.0
3783,0.0,0.0,0.0,0.0
3785,0.0,0.0,0.0,0.0
3786,0.0,0.0,0.0,0.0
3788,0.0,0.0,0.0,0.0
3789,311687.82091996446,0.0,0.0,318695.126953125
3790,276949.66957410425,0.0,0.0,283264.7763671875
3791,307917.05719999596,0.0,0.0,315375.00036621094
3793,309483.4909999855,0.0,0.0,316816.53161621094
3795,89069.81980000809,0.0,0.0,90997.11254882812
3796,204278.04325000942,0.0,0.0,208878.2254638672
3797,213859.68359998614,0.0,0.0,218239.12768554688
3798,395966.4992857538,0.0,0.0,405128.09765625
3799,43010.461599998176,0.0,0.0,44078.762145996094
3800,238063.83800000325,0.0,0.0,243476.09252929688
3801,28576.372500002384,0.0,0.0,28904.951538085938
3803,394710.9518399909,0.0,0.0,403134.42248535156
3804,52476.04169999808,0.0,0.0,53667.878173828125
3806,63527.1152423881,0.0,0.0,64992.07214355469
3807,28406.24199999869,0.0,0.0,28947.367309570312
3808,84416.87059935555,0.0,0.0,85772.16931152344
3809,17047.247639998794,0.0,0.0,17419.42626953125
3810,109146.04300000146,0.0,0.0,110747.51428222656
3813,30647.444670002908,0.0,0.0,31117.412963867188
3814,373820.2931999862,0.0,0.0,383079.3786621094
3815,272422.55673852935,0.0,0.0,278533.72412109375
3816,69958.7338000089,0.0,0.0,71708.95483398438
3817,190434.2227399908,0.0,0.0,194207.1151123047
4003,284046.79259998724,0.0,0.0,292349.29943847656
4013,387686.84899998456,0.0,0.0,398074.5124511719
4014,386549.0077299997,0.0,0.0,397699.73205566406
4015,374054.57608999684,0.0,0.0,383807.63342285156
4016,147736.30400000885,0.0,0.0,152100.625
4017,161771.77400000393,0.0,0.0,166301.59020996094
4018,373209.2701999992,0.0,0.0,383646.6895751953
4021,413281.6977000013,0.0,0.0,424261.1220703125
4022,378947.99778602645,0.0,0.0,388904.5847167969
4025,87917.46882000566,0.0,0.0,90534.64111328125
4026,381186.4020999968,0.0,0.0,391399.1279296875
4028,140807.4156000018,0.0,0.0,144754.67572021484
4030,381069.66420000046,0.0,0.0,391897.0822753906
4032,387123.9512999989,0.0,0.0,398130.3264160156
4033,208672.6877300106,0.0,0.0,214810.01196289062
4037,379497.46080001444,0.0,0.0,389842.3525390625
4038,150178.06099999323,0.0,0.0,155232.298828125
4039,363978.1885999851,0.0,0.0,374324.86169433594
4041,314233.3413999826,0.0,0.0,323239.3958129883
4044,138042.32720002532,0.0,0.0,142098.61572265625
4045,106562.13499998301,0.0,0.0,109593.73803710938
4050,8268.27730000019,0.0,0.0,8478.305908203125
4053,277443.33174998313,0.0,0.0,285678.2424926758
4054,156312.65939997882,0.0,0.0,160640.26635742188
4055,171512.50045000762,0.0,0.0,176550.34448242188
4058,389604.14500002563,0.0,0.0,400518.6368408203
4059,375704.6220000312,0.0,0.0,386716.1184082031
4060,404537.344900012,0.0,0.0,416256.5565185547
4061,390537.1347763017,0.0,0.0,401672.3349609375
4067,141711.68044999242,0.0,0.0,146173.77807617188
4068,71044.17930000275,0.0,0.0,73093.85473632812
4069,387176.62380001694,0.0,0.0,398358.7165527344
4070,376759.17530002445,0.0,0.0,387276.4832763672
4071,170513.17879997194,0.0,0.0,175747.37658691406
4073,380075.7544000149,0.0,0.0,391319.0205078125
4075,182570.6725199893,0.0,0.0,188071.06762695312
4078,388237.1510800123,0.0,0.0,398747.91455078125
4080,87674.14099998772,0.0,0.0,89908.37475585938
4081,238478.94320000708,0.0,0.0,245010.1983642578
4082,372104.67339998484,0.0,0.0,382671.37158203125
4083,101598.92970000207,43834.82640773058,190.52520464360714,60398.625
4085,37625.2309999913,0.0,0.0,38968.563232421875
4088,0.0,0.0,0.0,0.0
4089,388269.4664000049,0.0,0.0,400063.2297973633
4090,127039.67556000501,0.0,0.0,131178.44689941406
4091,395495.75002951175,0.0,0.0,407684.5891113281
4092,383276.6097000018,0.0,0.0,394761.1680908203
4093,29711.1242999956,0.0,0.0,30809.180908203125
4094,29933.68299999833,0.0,0.0,30808.91162109375
4095,71812.7276000157,0.0,0.0,74084.51171875
4096,93397.809799999,0.0,0.0,96267.349609375
4097,386592.35838000476,0.0,0.0,398127.6524658203
4099,389843.5749999806,0.0,0.0,400548.3486328125
4100,316756.3400000036,0.0,0.0,325535.21936035156
4103,66881.99830000103,0.0,0.0,68671.27954101562
4104,388855.47850004584,0.0,0.0,400690.1735839844
4110,390286.89919997007,0.0,0.0,401531.94189453125
4112,74979.14934000373,0.0,0.0,77256.11669921875
4113,149797.18819996715,0.0,0.0,154416.8515625
4114,37406.21465001255,0.0,0.0,38476.564208984375
4115,250314.6245552078,0.0,0.0,257991.23999023438
4123,0.0,0.0,0.0,0.0
4139,80277.44740001857,0.0,0.0,82319.90380859375
4142,304308.1471000165,0.0,0.0,313151.54095458984
4143,376767.0349999964,0.0,0.0,387482.1102294922
4144,81357.81229999661,0.0,0.0,83531.74194335938
4145,356692.580599986,0.0,0.0,367348.20153808594
4146,325435.7925999984,0.0,0.0,335462.8898925781
4147,375207.31519999355,0.0,0.0,386407.9792480469
4148,378730.76239996403,0.0,0.0,390490.2840576172
4151,310533.9073000029,0.0,0.0,319403.47314453125
4152,390745.83500002325,0.0,0.0,402293.48010253906
4154,201908.68120002002,0.0,0.0,207752.32836914062
4155,381709.18620001525,0.0,0.0,392778.0627441406
4156,390175.3446399644,0.0,0.0,401666.06494140625
4157,381433.06322197616,0.0,0.0,392338.81103515625
4158,259256.21100000292,0.0,0.0,266837.0625
4159,393840.71351997554,0.0,0.0,404839.1442871094
4160,379344.8610000685,0.0,0.0,390887.0029296875
4161,201585.9076000154,0.0,0.0,207453.79467773438
4162,388553.03156998754,0.0,0.0,400064.1223144531
4163,383839.1183000058,0.0,0.0,395134.25927734375
4164,151686.26029999554,0.0,0.0,155928.31762695312
4165,382220.4992999807,0.0,0.0,393676.0788574219
4166,389191.6271300167,0.0,0.0,400368.5128173828
4167,197682.15752999485,0.0,0.0,203292.01123046875
4169,386417.79820001125,0.0,0.0,397691.9382324219
4174,145828.34679999948,0.0,0.0,150017.5361328125
4176,353781.89622996,0.0,0.0,364218.2823486328
4177,0.0,0.0,0.0,0.0
4180,390406.4795999676,0.0,0.0,401363.7451477051
4181,391307.15329999477,0.0,0.0,402660.3165283203
4182,85396.10809998214,0.0,0.0,88402.5498046875
4184,386352.93147312105,0.0,0.0,397425.349609375
4189,328086.22020000964,0.0,0.0,338130.1796875
4190,268915.8468099907,0.0,0.0,276889.2175292969
4192,210790.6720900312,0.0,0.0,216797.00634765625
4193,258911.52700001,0.0,0.0,266011.2131347656
4194,23434.197900012136,0.0,0.0,24778.581787109375
4201,84076.2322999835,0.0,0.0,86615.66821289062
4202,129502.19249999523,0.0,0.0,132927.79321289062
4203,388836.4460000023,0.0,0.0,400186.41943359375
4204,174888.50129999965,0.0,0.0,180419.85498046875
4206,170503.9944000095,0.0,0.0,175768.23052978516
4208,392633.38750001043,0.0,0.0,404556.779296875
4209,394866.293077901,0.0,0.0,406570.54357910156
4211,384186.7777000293,0.0,0.0,396106.67919921875
4213,177517.90499999374,0.0,0.0,183296.9501953125
4218,477752.99740003794,0.0,0.0,504482.57067871094
4219,63169.127800010145,0.0,0.0,64956.3466796875
4220,478405.5001999736,0.0,0.0,504923.5213623047
4221,55345.142600007355,0.0,0.0,57471.52478027344
4223,395815.9697999805,0.0,0.0,407774.47677612305
4224,70479.44539999962,0.0,0.0,72739.78979492188
4226,392927.5469000116,0.0,0.0,405125.4938964844
4227,395294.47070002556,0.0,0.0,407509.47021484375
4229,351202.63899995387,0.0,0.0,361629.3933105469
4243,363296.8480999917,0.0,0.0,374262.1716308594
4244,391136.8331999928,0.0,0.0,402225.1943359375
4245,54557.560000009835,0.0,0.0,56226.29586791992
4246,388471.290399991,0.0,0.0,399467.81701660156
4247,18494.318899989128,0.0,0.0,19068.453491210938
4248,11152.614099994302,0.0,0.0,11373.402099609375
4250,401432.45029999316,0.0,0.0,413079.62365722656
4252,391583.8026999682,0.0,0.0,403045.19915771484
4253,396475.82589998096,0.0,0.0,407320.4826660156
4254,116227.39559999853,0.0,0.0,119498.26086425781
4256,322485.29662002623,0.0,0.0,331846.767578125
4262,63712.94539999962,0.0,0.0,65564.05297851562
4263,7934.1660000011325,0.0,0.0,8066.529296875
4264,98890.111999996,0.0,0.0,101598.17114257812
4282,0.0,0.0,0.0,0.0
4293,0.0,0.0,0.0,0.0
4309,379622.26220000535,0.0,0.0,390602.0439453125
4311,386243.317400001,0.0,0.0,396869.0233154297
4312,383079.5496100262,0.0,0.0,394405.5386352539
4313,122462.72341002524,0.0,0.0,125774.68017578125
4314,399554.8840000108,0.0,0.0,410996.6618652344
4315,63393.70490000397,0.0,0.0,65346.39013671875
4316,339276.4144700542,0.0,0.0,349055.2067871094
4318,0.0,0.0,0.0,0.0
4320,287781.71670001,0.0,0.0,296302.88342285156
4321,17239.7241999954,0.0,0.0,17760.75537109375
4322,57414.87324998528,0.0,0.0,59203.603271484375
4323,296667.12089998275,0.0,0.0,305332.4072265625
4324,13920.535202503204,0.0,0.0,14308.28076171875
4325,333156.77402002364,0.0,0.0,343466.330078125
3880,257405.86329998076,0.0,0.0,277364.6506347656
3881,129771.957370013,0.0,0.0,139746.04052734375
3882,288471.7333999872,0.0,0.0,311155.8674316406
3913,44331.73149999231,0.0,0.0,47700.690856933594
3915,89796.42002999038,0.0,0.0,97065.95568847656
3916,301211.09635003656,0.0,0.0,325359.6416015625
3917,101660.24426998943,0.0,0.0,109678.09729003906
3919,39883.65500999987,0.0,0.0,43302.174072265625
3874,50692.95220001787,0.0,0.0,55137.66296386719
3875,294346.00269999355,0.0,0.0,317634.298828125
3876,0.0,0.0,0.0,0.0
3877,292795.32965999097,0.0,0.0,317773.63427734375
3910,144673.8811700344,0.0,0.0,156288.9415283203
3878,146204.1300000474,0.0,0.0,158925.79370117188
3911,57505.688799992204,0.0,0.0,62405.387451171875
3879,294288.15235996246,0.0,0.0,320399.19006347656
3912,36244.989699974656,0.0,0.0,39091.78466796875
3891,264512.0201999843,0.0,0.0,285089.6123046875
3892,0.0,0.0,0.0,0.0
3893,248938.0215599984,0.0,0.0,268739.7253417969
3924,47303.02051998675,0.0,0.0,51158.268310546875
3925,0.0,0.0,0.0,0.0
3926,34890.40558999777,0.0,0.0,37870.2255859375
3927,174771.15039995313,0.0,0.0,188740.13635253906
3928,78585.65300001204,0.0,0.0,84849.91040039062
3929,271855.05780008435,0.0,0.0,293087.08361816406
3883,290304.43560005724,0.0,0.0,313432.4901123047
3884,133584.27727997303,0.0,0.0,143988.33361816406
3885,288579.7486000061,0.0,0.0,311757.2053222656
3920,64418.39099998772,0.0,0.0,69570.87536621094
3888,289672.48439995944,0.0,0.0,312682.5975341797
3921,265490.776150018,0.0,0.0,286989.16369628906
3889,293247.5449400246,0.0,0.0,316266.1013183594
3923,179413.68607006967,0.0,0.0,193636.92028808594
3936,55636.15281997621,0.0,0.0,60444.63720703125
3938,230966.4444000423,0.0,0.0,249870.46899414062
3939,30476.452150002122,0.0,0.0,33187.70166015625
3930,87272.46069997549,0.0,0.0,94220.63110351562
3898,40384.08938999474,0.0,0.0,43790.693359375
3899,0.0,0.0,0.0,0.0
3932,285533.5044899881,0.0,0.0,307688.2058105469
3933,238344.4496000111,0.0,0.0,258120.91845703125
3934,275607.6180599481,0.0,0.0,299187.63342285156
3946,278042.93550004065,0.0,0.0,300910.4768066406
3947,273237.7388999164,0.0,0.0,295964.19647216797
3948,268412.11702001095,0.0,0.0,290644.5065917969
3949,73250.25110000372,0.0,0.0,79300.00573730469
3940,269826.2552000284,0.0,0.0,292939.41455078125
3941,286545.861499995,0.0,0.0,310544.9187011719
3943,305952.3439799547,0.0,0.0,331527.6414794922
3944,291620.31358999014,0.0,0.0,316375.4356689453
3945,130574.66959995031,0.0,0.0,141257.2724609375
3958,0.0,0.0,0.0,0.0
3959,252832.569299981,0.0,0.0,274346.0889892578
3950,273266.9566999823,0.0,0.0,296849.1818847656
3951,43332.86205998063,0.0,0.0,47290.51892089844
3953,5463.639000013471,0.0,0.0,6065.053802490234
3954,276688.824600026,0.0,0.0,300454.0044555664
3970,16106.154800012708,0.0,0.0,17835.856811523438
3968,283177.04119996727,0.0,0.0,306136.1906738281
3969,50888.345200017095,0.0,0.0,55264.68054199219
3963,200922.98549999297,0.0,0.0,216681.7608642578
3964,121855.80170996487,0.0,0.0,131611.18774414062
3965,291448.4172000289,0.0,0.0,315285.9753417969
3967,291969.6749699861,0.0,0.0,315805.12170410156
3971,0.0,0.0,0.0,0.0
3973,295763.9874200076,0.0,0.0,320224.2518310547
3975,270871.4376999736,0.0,0.0,293646.2801513672
3903,107793.61087994277,0.0,0.0,116179.3237915039
3905,78768.20984004438,0.0,0.0,85140.81323242188
3907,291012.1262999773,0.0,0.0,313963.49000549316
3908,291255.7567000985,0.0,0.0,314548.07611083984
3982,223168.41880002618,0.0,0.0,242015.22424316406
3863,0.0,0.0,0.0,0.0
3864,0.0,0.0,0.0,0.0
3985,292399.648859933,0.0,0.0,317385.5895996094
3865,0.0,0.0,0.0,0.0
3986,210875.15548995137,0.0,0.0,229530.9727783203
3987,140966.32619990408,0.0,0.0,153319.669921875
3867,280928.2759999186,0.0,0.0,305635.9111328125
5032,0.0,0.0,0.0,0.0
5036,169255.79009,87120.75051879883,87500.85513305664,1354.862545490265
5038,377120.6400550002,194632.02960205078,195133.15057373047,3125.449090825394
5039,94854.36699999997,49196.40264892578,48866.35546875,770.8967628479004
5040,148385.26020999998,76383.00064086914,76693.3081665039,1213.2131546419114
5041,176654.00028000027,91098.05792236328,91024.52885437012,1339.3838291168213
5043,138574.96089999983,71514.8988647461,71416.35571289062,1036.600840330124
5045,140597.76279000007,72564.25305175781,72668.91577148438,1073.8447341918945
5046,0.0,0.0,0.0,0.0
5047,0.0,0.0,0.0,0.0
5051,0.0,0.0,0.0,0.0
5052,31329.72919999971,16309.023376464844,16265.844055175781,241.55015754699707
5053,52127.291839999845,27070.963989257812,26876.18115234375,373.7377526126802
5116,0.0,0.0,0.0,0.0
5117,0.0,0.0,0.0,0.0
5119,0.0,0.0,0.0,0.0
5120,78469.18920999975,40611.62957763672,40595.7448425293,587.5549654960632
5124,397189.5330599996,205039.4888305664,206008.38232421875,3076.5374393463135
5125,396820.7726960005,204933.3192138672,205041.48065185547,3044.8152055740356
5126,395559.4230999965,204282.62963867188,204795.03033447266,3029.7797651290894
5127,0.0,0.0,0.0,0.0
5128,0.0,0.0,0.0,0.0
5129,0.0,0.0,0.0,0.0
5130,0.0,0.0,0.0,0.0
5137,0.0,0.0,0.0,0.0
5138,0.0,0.0,0.0,0.0
5139,138965.6999520003,71726.21954345703,71974.75695800781,1052.794409275055
5153,69118.91757999873,35693.85729980469,35818.93084716797,523.655104637146
5158,12526.57321000006,6472.4549560546875,6453.973480224609,71.52606296539307
5159,0.0,0.0,0.0,0.0
5160,0.0,0.0,0.0,0.0
5162,79813.75136000151,41194.43310546875,41137.248046875,599.4886837005615
5163,38357.65589999966,19736.7587890625,19811.204467773438,280.93349838256836
5164,6592.619169999845,3397.9721069335938,3357.2646484375,61.901068687438965
5165,0.0,0.0,0.0,0.0
5166,0.0,0.0,0.0,0.0
5167,0.0,0.0,0.0,0.0
5168,0.0,0.0,0.0,0.0
5169,0.0,0.0,0.0,0.0
5180,0.0,0.0,0.0,0.0
5181,20004.556108000223,10398.652709960938,10322.22705078125,133.24889087677002
5182,0.0,0.0,0.0,0.0
5183,0.0,0.0,0.0,0.0
5190,186396.78595999954,97133.5619354248,96094.44520568848,1052.3617115020752
5191,431956.6089000008,225083.24649047852,224605.61352539062,2557.108582496643
5193,152602.4046,79519.25354003906,79422.58465576172,908.9802932739258
5194,0.0,0.0,0.0,0.0
5195,76574.15568000125,39926.297790527344,39608.66621398926,495.85652446746826
5196,410324.6327700005,212800.3975830078,211702.47616577148,2564.3888095766306
5197,414492.2192599997,215278.5266494751,214197.32665252686,2635.80252000317
5198,411692.49131499603,213690.41540527344,213308.01446533203,2747.386331319809
5199,412227.8211999964,214427.40625,213801.94229125977,2649.2533960342407
5200,153306.22798999958,79609.61534118652,79566.56312561035,1031.7645769119263
5201,81007.08567999769,42195.77362060547,42190.617248535156,544.8980627059937
5202,410134.48239999916,213263.50061035156,212814.8494873047,2692.029763698578
5203,414305.9910600055,215713.21520996094,214532.75651550293,2708.8157629966736
5204,398244.5617800001,206885.02867126465,206119.2566986084,2737.3065004348755
5205,90771.31178000104,47310.58949279785,47215.902893066406,598.3806738853455
5206,288598.65575999394,150140.4266357422,149270.67529296875,1939.6565747261047
5208,332956.48257599305,172807.49389648438,172534.33630371094,2240.9251952171326
5211,87058.4455199996,45028.375564575195,45217.063415527344,580.7857632637024
5212,393272.539845299,203916.16981506348,203784.4073791504,2722.2248794436455
5215,0.0,0.0,0.0,0.0
5216,165644.801099997,85569.44479370117,85278.92599487305,1165.4060424789786
5219,385882.0979599999,199412.46612548828,198992.62814331055,2735.336338043213
5220,350595.957630001,181583.94039916992,180747.2937927246,2461.4642001912
5221,389903.2682318054,201910.1304321289,200981.59704589844,2703.060607790947
5222,385816.981419988,199419.2573852539,198678.61740112305,2687.5408296585083
5223,134951.6604000032,69754.61717224121,69745.77131652832,930.8026206493378
5225,0.0,0.0,0.0,0.0
5229,0.0,0.0,0.0,0.0
5230,385677.4276700076,199369.06280517578,198991.6639404297,2694.1484112739563
5231,392511.4974000007,202819.24996948242,202675.4083404541,2707.191400051117
5232,389980.82380000316,201871.87078857422,201772.94732666016,2720.4947180747986
5233,388346.14471469633,201214.82580566406,200003.48248291016,2692.3672108650208
5234,392375.98978398927,203318.38739013672,202438.5698852539,2698.408558368683
5235,146028.45854999684,75670.9501953125,75158.24188232422,1029.837163925171
5237,155998.6612349935,80812.73034667969,80491.88061523438,1025.9017724990845
5238,315191.6280100066,163102.30973815918,162599.39555358887,2140.9110416695476
5239,249280.83361800574,129311.0477142334,129158.50897216797,1302.1574549674988
5247,78398.28660000116,40443.01937866211,40398.997497558594,543.1546969413757
5248,401741.0402000006,207927.2655029297,208277.77783203125,2789.6888769567013
5249,403586.59094600193,209064.76876831055,209261.47073364258,2810.991359233856
5250,0.0,0.0,0.0,0.0
5252,248739.69664398953,128304.39147949219,128709.43994140625,2250.4307379722595
5253,91173.86638399959,47162.605529785156,47222.978271484375,603.3744421005249
5257,399906.65889000334,206382.98651123047,207740.23583984375,2742.52760887146
5258,399967.26112600043,206603.84490966797,206601.31176757812,3641.649254798889
5259,150999.81990000606,77731.91137695312,78146.01434326172,1375.9930381774902
5261,396633.17052499205,205076.90536499023,205283.41416931152,2799.289330482483
5262,184254.2855999954,95127.59217834473,95763.76098632812,1342.0086889266968
5300,0.0,0.0,0.0,0.0
5301,0.0,0.0,0.0,0.0
5302,0.0,0.0,0.0,0.0
5303,390527.05562999286,201346.38787841797,201166.16036987305,2989.3256616592407
5304,376063.2073599994,193579.0796508789,194140.9418334961,2830.2726192474365
5305,145599.74129000492,74896.27827453613,75326.12602233887,1099.713056564331
5306,370647.7065999955,190176.04904174805,191204.9122619629,3654.8052439689636
5307,44172.34185999632,22730.364807128906,22745.329040527344,436.76951122283936
5310,97098.01497999951,49888.87579345703,50064.79577636719,767.3173894882202
5311,128559.20449002087,66264.28332519531,66037.53247070312,929.898937523365
5315,89998.7050900124,46652.13049316406,46172.55065917969,667.8104820251465
5316,0.0,0.0,0.0,0.0
5317,373598.0926800221,192020.24340820312,193058.53009033203,2810.008816719055
5318,371852.211020004,191757.55084228516,191351.24026489258,2793.3501138687134
5319,376809.1006999947,193802.6049194336,194231.97607421875,2825.8928327560425
5320,184324.20671000704,94784.62280273438,95320.84631347656,1345.7113466262817
5323,24507.161580000073,12604.071899414062,12588.773071289062,185.3585386276245
5324,31133.37200000137,16064.856018066406,16010.686218261719,237.52701091766357
5325,0.0,0.0,0.0,0.0
5333,91527.27794000506,47178.889083862305,47145.16189575195,591.5138444006443
5334,66992.00874998793,34674.14010620117,34659.95617675781,373.0744754076004
5335,13040.146990004927,6737.49755859375,6771.6488037109375,70.69681739807129
5336,8781.580505996943,4556.465576171875,4567.4451904296875,48.89921188354492
5339,88032.88090000302,45574.68096923828,45481.48861694336,524.9431056976318
5340,34997.297500006855,18229.289916992188,18086.25665283203,216.91043663024902
5341,121502.51686000824,62822.611572265625,62409.57879638672,678.1367473602295
5342,116117.37827000394,59719.67810058594,59564.3984375,884.0166025161743
5343,59859.815290004015,30871.03436279297,30664.58123779297,416.1446461677551
5344,152440.04039999098,79977.88522338867,79676.68801879883,717.7935431404039
5345,379590.55522998795,196439.23986816406,195357.50833129883,2644.3608785271645
5346,378959.7232600078,195878.32849121094,195301.67053222656,2704.602352142334
5347,179006.5160399899,92441.98596191406,92170.40533447266,1302.7521800994873
5349,240445.52943999693,124515.45602416992,123982.19107055664,1680.7199716567993
5351,52497.56524300575,27261.11376953125,26913.079040527344,388.0825262069702
5354,379301.03117997944,196307.11224365234,195402.50341796875,2730.001997947693
5355,170209.2278699875,88078.40954589844,87613.5961303711,1203.1693325042725
5356,376847.45930997655,193667.20733642578,193616.3713684082,3110.5969935655594
5357,376874.5153899938,194166.8235168457,193373.18322753906,3060.621038079262
5358,382812.7792199962,196779.3779296875,196386.0982055664,3171.9724292755127
5359,381920.2008100003,196626.8271484375,196294.92504882812,3185.3496465682983
5360,379021.3002700135,194890.67308044434,194327.9188232422,3046.2241801917553
5361,373889.3379700035,192402.1739807129,191979.3485107422,3068.0835750102997
5362,26530.8230760023,13582.142456054688,13703.41015625,205.6577854156494
5366,393405.15211001784,202062.1233062744,201417.88856506348,3172.280852932483
5367,373672.737299975,191502.29508209229,191113.506401062,3460.9737184736878
5368,327086.45340000466,167372.3406677246,166894.87649536133,3120.5069670677185
5369,94483.90827002004,48381.623474121094,48121.99938964844,860.0463209152222
5370,0.0,0.0,0.0,0.0
5371,0.0,0.0,0.0,0.0
5372,369374.60867001116,188675.42837524414,188555.84970092773,3633.3063459377736
5373,358640.4041999914,183862.85614013672,182614.99096679688,3500.40092420578
5374,382763.0645399913,196134.55081176758,195204.36282348633,3690.662244516425
5375,384693.77073999867,196665.46435546875,196635.8077392578,3893.6104822158813
5376,290325.1210400015,148373.15869140625,148479.6847229004,2810.6091256141663
5377,0.0,0.0,0.0,0.0
5378,36987.089949999005,19036.25650024414,18770.554595947266,328.9495623111725
5379,388154.22657001764,198968.34869384766,198115.10620117188,3796.312397956848
5380,357921.906809967,183284.29461669922,182883.26998901367,3461.755584716797
5381,372224.58749999106,190320.36517333984,190410.2873840332,3577.829020023346
5382,282019.8634000048,143991.45336914062,144120.2759399414,2989.6174151599407
5383,278933.306599997,142430.63903808594,142176.09075927734,2639.1557245254517
5386,186787.42652001232,95654.08563232422,95609.5405883789,1740.4623560905457
5390,0.0,0.0,0.0,0.0
5391,365195.354399994,187339.82635498047,186458.45703125,3289.2417764663696
5392,198227.12559000775,101446.34237670898,101194.02049255371,1887.9828872680664
5393,364419.2050539963,186529.19555664062,185497.39498901367,3436.43837302085
5398,40712.33513000235,20765.049438476562,20761.394592285156,388.94321256130934
5400,0.0,0.0,0.0,0.0
5401,31997.853020004928,16365.206298828125,16341.904602050781,282.85582637786865
5402,0.0,0.0,0.0,0.0
5403,0.0,0.0,0.0,0.0
5404,0.0,0.0,0.0,0.0
5406,180061.04246999696,92079.06689453125,91921.29577636719,1667.3133072853088
5407,413150.72019999847,211933.72171020508,210982.84802246094,4024.0473861694336
5414,0.0,0.0,0.0,0.0
5415,0.0,0.0,0.0,0.0
5416,0.0,0.0,0.0,0.0
5417,0.0,0.0,0.0,0.0
5418,47508.61820001155,18691.954986572266,18474.548538208008,17.087501815520227
5419,35449.70486002043,13923.970199584961,13817.207885742188,8.834263290278614
5423,0.0,0.0,0.0,0.0
5424,264729.1313,143420.91998291016,143506.10577392578,2471.380241394043
5425,269407.838107,145714.94500732422,146205.00158691406,2549.2463359832764
5426,65353.61432799988,35418.69171142578,35422.01965332031,614.1473197937012
5428,138086.91299999994,74584.59729003906,74848.03875732422,1222.154010295868
5429,247102.2613799998,133973.03741455078,133894.99798583984,2188.193316936493
5430,266984.46197000006,144583.9959716797,144766.0541381836,2388.5112833976746
5431,0.0,0.0,0.0,0.0
5432,266510.69186999975,144327.84197998047,144488.4545288086,2349.3294219970703
5434,0.0,0.0,0.0,0.0
5435,253160.67299999995,137169.82696533203,137492.72338867188,2302.4902572631836
5436,273249.77283000085,147827.66046142578,148269.1846923828,2409.40998506546
5437,110633.44175399956,59857.95495605469,60140.998474121094,927.6150164604187
5438,239854.3440599991,129550.4273071289,130000.81860351562,2030.1082239151
5439,0.0,0.0,0.0,0.0
5440,267254.99748999905,144394.46911621094,144891.50885009766,2474.5529279708862
5441,263285.0679999986,142633.23767089844,142966.8960571289,2477.315366744995
5442,266078.7603599983,144191.8178100586,144157.56188964844,2470.2450556755066
5443,27037.907050001435,14881.908203125,14954.277877807617,9.774110078811646
5444,116259.75390800042,64156.31852722168,64410.056869506836,404.12353986501694
5445,267766.1120200022,145023.69921875,145497.3637084961,2355.419985771179
5447,277309.6405000007,150437.06579589844,150776.74353027344,2450.8569569587708
5448,0.0,0.0,0.0,0.0
5449,260932.83538000192,141094.00024414062,141509.7381591797,2318.846495628357
5450,0.0,0.0,0.0,0.0
5451,220293.93629999924,119034.74713134766,119933.55535888672,2022.4730734825134
5452,270359.00913999975,146648.01998901367,146920.56192016602,2410.164182662964
5453,224811.9043000033,121696.58758544922,122068.22393798828,2036.6996116638184
5454,281469.2615840016,152288.47088623047,152882.5780029297,2557.5283234119415
5455,262308.5596399978,142012.7550048828,142768.86404418945,2333.2312066182494
5456,0.0,0.0,0.0,0.0
5457,0.0,0.0,0.0,0.0
5460,238159.30942999665,128909.96118164062,129191.97668457031,2074.3181262016296
5462,0.0,0.0,0.0,0.0
5464,294295.80387199763,159481.86246490479,159140.59967803955,2681.3259506225586
5465,100753.46989999991,54457.872497558594,54716.772705078125,894.824942111969
5466,109837.12592999823,59302.28601074219,59685.27136230469,931.8354778289795
5467,290874.6559999995,157550.79556274414,158034.51708984375,2516.7135214805603
5468,266238.7663100045,144018.5440673828,144271.44436645508,2264.7058041095734
5469,145229.01874999516,78492.67562866211,78821.99658203125,1304.003420829773
5470,97869.24155399855,52913.00018310547,53118.43298339844,872.8534250259399
5471,220110.8156900052,119257.01904296875,119406.34167480469,1996.3034477233887
5472,171899.40945000015,93200.544921875,93128.33056640625,1551.3253388404846
5473,75628.20512000192,40941.00549316406,41144.322692871094,626.3930229134858
5474,269357.15250000264,145601.74507141113,146217.37884521484,2413.5510886386037
5475,268147.6227400005,145061.5526123047,145489.5708618164,2417.475030899048
5476,132974.82270000223,71771.9973564148,72186.62088012695,1167.3013801574707
5478,269412.8875199985,146029.05359649658,145991.53848266602,2420.5294971466064
5479,270594.81163000315,147289.17895507812,146553.06970214844,2395.6848459243774
5480,135205.4560000077,73786.07968139648,73157.38580322266,1251.5859260559082
5481,275105.03592999466,149737.5965423584,148903.40348815918,2468.530701160431
5482,268734.71795099974,145814.68061065674,146208.66535949707,2379.046099637635
5483,286831.1386999991,156081.8339691162,155620.7031402588,2499.87171481736
5485,268508.5233000051,145769.88970947266,145796.90838623047,2363.891324043274
5486,268600.1904000025,145692.51934814453,145742.16564941406,2440.90603351593
5487,204205.49935000017,111270.79797363281,110497.9183959961,1798.1805505752563
5495,0.0,0.0,0.0,0.0
5496,0.0,0.0,0.0,0.0
5497,284119.5002999976,154472.64990234375,154109.83865356445,2521.187424659729
5498,124690.76948400028,67621.5560913086,67785.33917236328,1144.8769764900208
5499,266050.56130000204,144609.0947265625,144600.99383544922,2344.1771149635315
5500,288022.46875999495,156556.20611572266,156123.02029418945,2562.2918467521667
5504,0.0,0.0,0.0,0.0
5505,0.0,0.0,0.0,0.0
5507,249505.59604760818,134145.35900878906,133743.15283203125,3088.4297037124634
5516,255930.3144000005,136834.10890197754,137620.65703582764,3234.0718383789062
5517,262875.5485000089,140353.7603149414,141017.9542236328,4302.553162574768
5518,95342.23630000278,51007.156341552734,51297.46423339844,1477.6125268936157
5519,256341.9182000123,137540.8853149414,137841.0076904297,3093.3787908554077
5520,255103.33452999406,137045.91143798828,137018.58642578125,3145.924530029297
5521,0.0,0.0,0.0,0.0
5522,166632.72839999758,89474.11492919922,89540.5625,1976.7039570212364
5523,254827.02565000206,136826.357421875,137208.1064453125,3107.077603816986
5524,163990.80969999917,88172.90625,88302.75451660156,2034.0714139938354
5525,269542.8802999947,139633.64602661133,139899.82931518555,13257.144302368164
5526,259761.3022899963,134123.8324356079,133867.00521850586,13791.360498428345
5527,276730.51128000394,143159.96630859375,143286.16073608398,14251.378644943237
5528,266800.3799999971,137715.54791259766,138213.8890991211,13813.748594284058
5530,259289.3067999985,139488.9556274414,139407.48681640625,3244.6916723251343
5532,258291.39634999074,139055.85556030273,138564.79864501953,3142.2169427871704
5533,76645.71275000274,41201.68566894531,41207.12268066406,895.0240964889526
5534,251873.57330000214,135315.166015625,135648.20147705078,2941.3340706825256
5535,281572.5929300003,151181.60455322266,151405.25381469727,3393.7869319180027
5536,214341.22752000391,115086.62121582031,115278.17691040039,2580.45556306839
5537,262894.67599998973,141060.87200927734,141576.05590820312,3136.8893604278564
5538,274649.5576000009,147457.1571044922,147592.93298339844,3372.919503211975
5540,265117.4552000016,142674.001953125,142358.7035522461,3289.318256378174
5541,231699.41880500317,124330.85791015625,124463.92364501953,2795.0468101501465
5542,0.0,0.0,0.0,0.0
5543,286154.78246000037,153156.8179321289,153865.1801147461,3536.4515800476074
5544,284163.96629998833,152310.30517578125,152997.98138427734,3503.517053604126
5545,70791.71069999412,38310.437744140625,37909.314361572266,886.15807056427
5546,0.0,0.0,0.0,0.0
5547,258740.4595599845,139020.44299316406,139298.1739501953,3114.9092512130737
5548,287516.9647000171,154465.837890625,154822.80499267578,3553.904597122222
5549,276218.4094000086,148204.7440185547,148618.72692871094,3435.6588563919067
5550,256489.85900001228,137783.28692626953,137850.27185058594,3181.8304719924927
5551,256410.05800001323,137629.90228271484,137568.22842407227,3183.181576728821
5552,260853.24249997735,139919.52630615234,140530.14184570312,3265.2972269058228
5554,0.0,0.0,0.0,0.0
5555,261511.66699997336,140304.04583740234,140491.38861083984,3266.7906222343445
5556,290451.4265199974,156402.1450805664,155966.76446533203,3654.3570370674133
5557,274205.1259999871,147238.63327026367,147294.21954345703,3397.484643936157
5558,262343.02359999716,140988.9385986328,140708.56619262695,3289.6955251693726
5559,220011.5606799908,118004.30624389648,118426.12145996094,2716.2725744247437
5561,0.0,0.0,0.0,0.0
5562,8076.4770600013435,4385.022277832031,4373.731262207031,102.57134819030762
5564,0.0,0.0,0.0,0.0
5565,0.0,0.0,0.0,0.0
5566,0.0,0.0,0.0,0.0
5567,0.0,0.0,0.0,0.0
5569,283692.73355000466,151954.31030273438,152850.146484375,3531.28609085083
5570,268260.98290000483,143737.87628173828,144466.83367919922,3430.3978934288025
5571,141812.09134000167,76161.4603881836,76255.20330810547,1732.2151899337769
5572,95795.9561999999,51355.8046875,51592.10595703125,1189.498935699463
5573,292562.2653599866,157140.21838378906,157354.12994384766,3609.2764444351196
5574,253777.26950999722,136551.78875732422,136305.35565185547,3143.1869611740112
5577,254643.1589999944,136792.91062927246,137060.89920806885,3181.792300224304
5578,172815.80898999423,92927.10903930664,92892.54800415039,2153.7193098068237
5586,0.0,0.0,0.0,0.0
5589,0.0,0.0,0.0,0.0
5590,0.0,0.0,0.0,0.0
5591,284111.34200001135,152453.51666259766,152669.46255493164,3486.378318309784
5592,116044.85979999974,62525.13577270508,62402.197357177734,1361.8549852371216
5594,0.0,0.0,0.0,0.0
5595,0.0,0.0,0.0,0.0
5597,0.0,0.0,0.0,0.0
5598,106390.4640599899,57266.36376953125,57135.41278076172,1277.1230821609497
5600,0.0,0.0,0.0,0.0
5601,205124.2492699884,109747.97958374023,110428.45083618164,2393.6453201770782
5602,249892.3929999955,133813.19506835938,134035.60012817383,3077.9204820655286
5603,260500.3865800053,139630.8777770996,139499.39839172363,3297.051691532135
5604,17532.11694000289,9335.599243164062,9453.292114257812,243.5667724609375
5606,262438.9008999951,141004.8736114502,140690.89686584473,3317.9201657921076
5607,46307.88699999452,25106.233459472656,25078.34490966797,591.0124378204346
5610,0.0,0.0,0.0,0.0
5611,258254.3934709765,138755.21127319336,139201.22331237793,3155.774238586426
5612,285818.650569994,153493.19430541992,154212.59915161133,3422.314932346344
5613,271916.68559999764,146139.76052856445,146490.58477783203,3261.466522794217
5614,208322.43499999866,111836.40670776367,112524.08053588867,2472.5210676193237
5615,241716.58499999717,129195.12744140625,130065.38195800781,2933.005706310272
5616,271304.9326199889,145864.27487182617,146180.4219970703,3403.423258781433
5617,0.0,0.0,0.0,0.0
5618,33342.51279999688,17771.431091308594,18079.86083984375,382.36608028411865
5619,155461.75249998644,83570.96771240234,83577.67614746094,1947.5331001281738
5620,0.0,0.0,0.0,0.0
5621,0.0,0.0,0.0,0.0
5623,0.0,0.0,0.0,0.0
5624,260590.80601597205,140258.5319519043,140072.44604492188,3161.6010122299194
5625,257144.03800000623,138165.21826171875,138174.97338867188,3199.839352607727
5626,260863.40746001154,139913.53411865234,140586.54370117188,3161.034086704254
5627,15416.352300003171,8276.024597167969,8350.39599609375,195.69632530212402
5628,274454.2576199956,147255.3045654297,147561.53814697266,3343.500364303589
5629,207647.35420000553,111800.1224975586,111523.1416015625,2563.791485786438
5630,270812.77729998156,145597.5206298828,145658.34677124023,3319.9716572761536
5631,257942.68980000168,138630.2053527832,138903.4298095703,3216.954289034009
5632,266366.82039000466,142956.20013427734,143505.01153564453,3296.204641342163
5633,67008.06815001369,36147.775329589844,36104.64715576172,834.1766004562378
5635,266224.3383999951,142978.65438842773,143075.60620117188,3300.919418334961
5637,160427.69438000768,86471.86503601074,86163.81480407715,2022.6468021161854
5638,233695.7700000219,125913.22622680664,125756.40881347656,2903.3600759506226
5639,227245.6351399906,122391.38470458984,121750.00685119629,2807.230405807495
5641,255648.0634999834,137463.96461486816,137406.01849365234,3125.8797806743532
5643,74001.89549998939,39793.52606201172,39821.24853515625,862.4490623474121
5644,130686.25840000063,70559.03985595703,70252.07214355469,1573.4004640579224
5645,89704.93845000863,48350.567443847656,48269.18615722656,1105.7769441604614
5646,272072.5327999927,146192.05657958984,146718.70336914062,3268.544021129608
5647,270963.3671999946,145789.54235839844,145727.7744140625,3249.8074836730957
5648,259651.14379999787,139904.71856689453,139771.30377197266,3165.3198862075806
5649,259820.04477001727,139786.3035583496,139295.76333618164,3143.5129203796387
5650,18136.437999997288,9816.904541015625,9814.1748046875,231.22612380981445
5651,119713.42709998786,64206.85731506348,64658.77227783203,1520.1087255477905
5652,0.0,0.0,0.0,0.0
5654,261201.84050000086,140201.90997314453,140752.0419921875,3248.085636615753
5655,258953.67130000144,139481.06091308594,139174.9854736328,3163.661047935486
5656,155345.15463000536,83349.89483642578,83535.43957519531,1861.4550743103027
5662,224087.0009999834,120340.78552246094,120603.27600097656,2814.1587829589844
5663,259971.48603001237,139900.99481201172,139962.21240234375,3157.9750938415527
5664,270431.0451699905,145157.47500610352,146000.96975708008,3294.039797782898
5665,13574.562669999897,7307.4183349609375,7288.9632568359375,177.56458473205566
5666,286751.05231099203,154004.4616394043,154290.92291259766,3499.3008527755737
6616,30926.302920000002,11384.666374206543,11332.345756530762,8.67294155433774
6618,125464.57483180006,67845.57720947266,67673.03126525879,108.25902390480042
6619,557504.1362400004,290539.39712524414,289622.72970581055,4676.319715499878
6620,645618.5444999982,336357.85858154297,335874.5167236328,5423.614696502686
6631,0.0,0.0,0.0,0.0
6632,0.0,0.0,0.0,0.0
6636,623834.7640499999,323891.0544433594,323485.7176513672,5349.023325920105
6637,267654.4707400021,138874.14874267578,138736.86541748047,2288.7123584747314
6638,152703.21419000067,79043.5151977539,79192.7035522461,1307.5547006130219
6639,174728.94272600254,90666.6708984375,90604.80737304688,1475.9891719818115
6640,557886.421480001,289267.37646484375,289133.6635131836,4780.239947319031
6642,217285.9033400002,112531.03485107422,112956.49877929688,1847.4013271331787
6645,393555.0598499989,204640.8026123047,204091.43359375,3412.55495262146
6647,559143.186360002,289934.63287353516,289658.4038696289,4756.054334711283
6648,162030.71326000337,83760.76187133789,84071.38473510742,1396.9940231367946
6650,27049.53444000054,14027.398681640625,13955.695129394531,229.54488945007324
6651,380202.2498400016,197158.77124023438,197282.81018066406,3290.64013004303
6652,82972.18131400086,42928.37902832031,43083.903564453125,723.446907043457
6654,105761.91260000132,55094.428649902344,54938.332458496094,881.544017791748
6655,488910.9385300018,254363.115234375,253594.53619384766,4151.564694236964
6656,628169.1840399997,325843.6015625,325391.25439453125,6081.351192474365
6657,569649.4559400026,295994.55310058594,295243.9288330078,4816.040635108948
6658,74636.08519999869,38929.904846191406,38631.12469482422,633.256175994873
6660,540195.6593599999,280797.54766845703,280388.0847167969,4529.453604698181
6661,597645.2000899948,310031.14865112305,310090.7523498535,5099.807319641113
6662,565426.9303600024,293255.9486541748,292456.60569763184,4862.428508464247
6663,388802.7734999936,201901.7628173828,201203.6374206543,3377.1753129865974
6664,484309.2224299982,251082.31649780273,251108.97296142578,4273.257030010223
6665,220738.74187999405,114486.51348876953,114458.12921142578,1981.711067199707
6666,267776.68665999733,138639.92163085938,138258.24639892578,2335.6579060554504
6667,596578.6386700105,309129.4319458008,308700.9176635742,5198.014917373657
6668,555000.6826700009,288287.9387207031,287269.84704589844,4817.242364883423
6669,298411.08479999565,154496.60806274414,154998.74627685547,2594.0589385032654
6670,237721.21591999568,123418.1763305664,123088.3099975586,2045.3022289276123
6672,642577.2311199978,334158.0475463867,333516.0478820801,5455.330945968628
6673,275747.3439199999,143582.17608642578,142606.52224731445,2349.439372062683
6675,621309.3290600087,322740.58239746094,322629.74713134766,5296.644072532654
6676,211974.51231000014,110573.39624023438,109639.09606933594,1773.6709575653076
6677,552679.5553199891,286554.26135253906,286524.62420654297,4656.367944717407
6678,529114.0579800121,274561.29818725586,275147.4617614746,4374.826092762873
6680,443032.77778998576,230175.97888183594,229973.4248046875,3671.589644908905
6682,234866.5464640092,122273.88397216797,121658.16796875,1971.315405368805
6683,627174.6756999977,325670.1036376953,324968.19958496094,5364.1765604019165
6684,335665.184480004,174604.3823852539,173894.5473022461,2862.2440843582153
6685,578921.541150013,300908.1166534424,300379.6353302002,4903.112956635654
6687,202570.7697600089,105223.27856445312,104991.23724365234,1701.4650506973267
6688,541850.4528099932,280874.1689147949,281259.622467041,4609.954807281494
6689,619193.3124999963,321586.71014404297,321303.967376709,5269.988516807556
6691,602694.6305000037,313149.8991088867,313180.85662841797,5097.932205200195
6692,601943.2143700272,312915.52923583984,312314.58770751953,5142.462389945984
6693,216449.02875001356,112228.1982421875,112178.72821044922,1861.0951051712036
6694,624710.4713999815,324522.25799560547,324227.92376708984,5328.132290840149
6695,321841.7710299939,167247.9140625,166955.791015625,2757.2188653945923
6696,50433.60259999707,26394.013671875,26247.265380859375,431.91449069976807
6697,625489.3500000015,325476.8542480469,324550.1767578125,5334.260052680969
6698,502648.4834399894,261263.68280029297,260568.27954101562,4214.292374610901
6699,146811.16899999976,76340.58560180664,76459.81723022461,1243.7965800762177
6704,578155.1628799848,300057.14239501953,299965.4602661133,4840.2336592674255
6705,620969.0777199976,322356.5700073242,322511.66021728516,5213.746610905975
6706,587547.2600399926,305142.6671142578,304253.6447753906,5019.624378204346
6707,161686.5021199882,83835.62194824219,83930.17779541016,1402.6403110027313
6708,375601.4883299805,194865.05688476562,194500.1216430664,3258.097819328308
6709,444602.4748699963,230582.0502319336,230110.59729003906,3934.8333806991577
6710,499483.98099998385,259110.83233642578,258469.34399414062,4379.812513828278
6711,612672.186498981,318286.671875,317390.2971801758,5336.267883300781
6712,612800.6169150174,317748.96685791016,318192.13415527344,5376.936834812164
6713,509984.5556800179,264715.55725097656,264245.2698364258,4413.708045959473
6714,310648.68437999487,161462.6421508789,160691.8192138672,2671.294632911682
6715,623865.5376699828,323344.4873046875,323692.6742553711,5475.216177940369
6716,562948.8785600066,291200.93087768555,292563.48767089844,4890.951171398163
6717,610925.7295300029,316595.2867126465,316518.9231262207,5319.273234367371
6718,613824.8940599933,318361.3819580078,318263.1788330078,5294.219645023346
6719,232875.8837700002,120891.25866699219,120788.6357421875,2033.5720958709717
6722,0.0,0.0,0.0,0.0
6723,0.0,0.0,0.0,0.0
6724,0.0,0.0,0.0,0.0
6725,0.0,0.0,0.0,0.0
6728,0.0,0.0,0.0,0.0
6729,455097.4425999969,235832.36749267578,235687.91180419922,3964.6510903835297
6730,16335.531299997121,8439.987365722656,8515.156860351562,117.71659564971924
6731,503467.8391799964,261436.45635986328,260771.43420410156,4350.605005741119
6732,200783.18154998496,104113.55059814453,103936.796875,1692.4333038330078
6733,593641.6816699766,308657.2756958008,307114.58447265625,5214.295253753662
6734,0.0,0.0,0.0,0.0
6736,595455.0140400231,308538.30865478516,308443.1895751953,5273.70868730545
6737,592972.5676299892,308133.8890991211,307140.06494140625,5217.706125259399
6738,571994.6685099863,296727.548828125,296751.63555908203,5004.736375808716
6739,533603.74544999,276637.6753540039,276560.64263916016,4662.97202236671
6740,613784.52229999,318792.70556640625,318151.1005859375,5346.96804523468
6741,651226.7559699789,337817.7664794922,338710.580078125,5736.67133808136
6742,54344.494219981134,28325.778839111328,28160.889526367188,484.43245792388916
6743,587766.6049399972,305164.1971435547,305404.4819946289,5052.997353553772
6744,456003.86501001567,236510.3490600586,236812.31622314453,4051.266580581665
6746,631026.244559966,327457.15936279297,327412.49670410156,5540.825614482164
6747,615370.7882700413,319194.9592895508,319827.5932006836,5376.4668617248535
6748,588254.2013999671,305235.1101074219,305036.5671386719,5129.491300582886
6749,124261.15453998,64511.5947265625,64489.1474609375,1087.766222000122
6750,393578.850660041,204854.98541259766,204503.4012451172,3425.203327178955
6753,162587.414760001,84315.5902557373,84328.1595916748,1399.8912963867188
6754,81978.48530001193,42741.255615234375,42530.343811035156,737.1456909179688
6755,68951.43759999424,35669.09289550781,35723.6455078125,610.9537439346313
6756,366186.68032401055,189953.36360931396,190024.00890731812,3160.5317068099976
6757,91781.15536999702,47515.49060058594,47411.09637451172,751.3331456184387
6759,324281.06180001795,168299.96160888672,168370.8931274414,2782.115770339966
6760,552954.6085000262,287430.0629272461,286711.92834472656,4739.871857643127
6762,629946.4654699787,327440.98333740234,327149.76306152344,5374.208751678467
6763,30475.331610001624,15935.656127929688,15735.522583007812,254.3041934967041
6764,145282.02584000677,75438.53567504883,75198.35116577148,1226.036992073059
6765,569086.2011999786,295522.8031921387,295548.28399658203,4859.057649612427
6767,590636.3045700341,306824.43615722656,306679.8352050781,4975.6303606033325
6768,552799.0548999608,286475.20782470703,286781.9407348633,4726.107399940491
6769,207853.35821001232,107914.0122680664,107896.74615478516,1757.9739508628845
6775,0.0,0.0,0.0,0.0
6776,0.0,0.0,0.0,0.0
6777,0.0,0.0,0.0,0.0
6778,0.0,0.0,0.0,0.0
6779,479910.593659997,249139.78967285156,248736.80114746094,4257.964961051941
6780,600754.62955001,311958.9599304199,311183.01556396484,5308.326296806335
6781,374815.53269001096,194846.81323242188,194090.0382080078,3325.7645406723022
6783,41202.67491,21257.48583984375,21320.166625976562,351.96148014068604