5423,0.0,0.0,0.0,0.0
5424,264729.1313,143420.91998291016,143506.10577392578,2471.380241394043
5425,269407.838107,145714.94500732422,146205.00158691406,2549.2463359832764
5426,65353.61432799988,35418.69171142578,35422.01965332031,614.1473197937012
5428,140254.5020940001,75743.76647949219,76034.69329833984,1234.2556586265564
5429,247102.2613799998,133973.03741455078,133894.99798583984,2188.193316936493
5430,266984.46196999983,144583.9959716797,144766.0541381836,2388.5112833976746
5431,0.0,0.0,0.0,0.0
5432,266510.69186999975,144327.84197998047,144488.4545288086,2349.3294219970703
5434,0.0,0.0,0.0,0.0
5435,253160.67299999995,137169.82696533203,137492.72338867188,2302.4902572631836
5436,275430.64283000096,148976.6566772461,149448.34399414062,2446.9552273750305
5437,110633.44175399956,59857.95495605469,60140.998474121094,927.6150164604187
5438,239854.3440599991,129550.4273071289,130000.81860351562,2030.1082239151
5439,0.0,0.0,0.0,0.0
5440,267254.99748999905,144394.46911621094,144891.50885009766,2474.5529279708862
5441,265401.3857599986,143797.5595703125,144114.58770751953,2487.8367834091187
5442,266078.7603599983,144191.8178100586,144157.56188964844,2470.2450556755066
5443,0.0,0.0,0.0,0.0
5444,0.0,0.0,0.0,0.0
5445,267766.1120200027,145023.69921875,145497.3637084961,2355.419985771179
5447,279418.7729700003,151604.27575683594,151907.98693847656,2460.779456615448
5448,0.0,0.0,0.0,0.0
5449,260932.83537999913,141094.00024414062,141509.7381591797,2318.846495628357
5450,0.0,0.0,0.0,0.0
5451,222483.89150999952,120217.2670288086,121140.68072509766,2031.420461177826
5452,270359.00913999975,146648.01998901367,146920.56192016602,2410.164182662964
5453,224811.9043000033,121696.58758544922,122068.22393798828,2036.6996116638184
5454,281469.2615840016,152288.47088623047,152882.5780029297,2557.5283234119415
5455,262308.5596399978,142012.7550048828,142768.86404418945,2333.2312066182494
5456,0.0,0.0,0.0,0.0
5457,0.0,0.0,0.0,0.0
5460,238159.30942999665,128909.96118164062,129191.97668457031,2074.3181262016296
5462,0.0,0.0,0.0,0.0
5464,294295.80387199763,159481.86246490479,159140.59967803955,2681.3259506225586
5465,102918.67875999957,55637.82208251953,55888.77734375,904.5772051811218
5466,109837.12592999823,59302.28601074219,59685.27136230469,931.8354778289795
5467,290874.65599999856,157550.79556274414,158034.51708984375,2516.7135214805603
5468,266238.7663100045,144018.5440673828,144271.44436645508,2264.7058041095734
5469,145229.01874999516,78492.67562866211,78821.99658203125,1304.003420829773
5470,97869.24155399855,52913.00018310547,53118.43298339844,872.8534250259399
5471,220110.8156900052,119257.01904296875,119406.34167480469,1996.3034477233887
5472,171899.40945000015,93200.544921875,93128.33056640625,1551.3253388404846
5473,75628.20512000192,40941.00549316406,41144.322692871094,626.3930229134858
5474,269357.15250000264,145601.74507141113,146217.37884521484,2413.5510886386037
5475,268147.6227400005,145061.5526123047,145489.5708618164,2417.475030899048
5476,135106.9837200027,72926.74869918823,73350.90908813477,1178.9696350097656
5478,269412.88752000127,146029.05359649658,145991.53848266602,2420.5294971466064
5479,270594.811630005,147289.17895507812,146553.06970214844,2395.6848459243774
5480,137330.41261000745,74923.89401245117,74324.0404663086,1262.8699350357056
5481,275105.03592999466,149737.5965423584,148903.40348815918,2468.530701160431
5482,268734.71795099974,145814.68061065674,146208.66535949707,2379.046099637635
5483,288938.0570399985,157267.63218688965,156751.46961975098,2509.6753361094743
5485,270627.6900400054,146928.06915283203,146953.64556884766,2375.0488986968994
5486,270743.2168400027,146883.3677368164,146873.35510253906,2456.343427658081
5487,204205.49935000017,111270.79797363281,110497.9183959961,1798.1805505752563
5495,0.0,0.0,0.0,0.0
5496,0.0,0.0,0.0,0.0
5497,286259.87516999803,155616.9921875,155291.41055297852,2532.847981452942
5498,124690.76948400028,67621.5560913086,67785.33917236328,1144.8769764900208
5499,268167.94198000245,145777.71411132812,145739.53411865234,2355.3509135246277
5500,288022.46875999495,156556.20611572266,156123.02029418945,2562.2918467521667
5504,0.0,0.0,0.0,0.0
5505,143471.85364999808,77529.68579101562,77059.70233154297,1578.6981291770935
5507,249505.59604760818,134145.35900878906,133743.15283203125,3088.4297037124634
5516,258502.13650000095,138224.19996643066,139038.25774383545,3262.2557010650635
5517,265432.9565200098,141704.88067626953,142387.01879882812,4345.415677070618
5518,95342.23630000278,51007.156341552734,51297.46423339844,1477.6125268936157
5519,256341.9182000123,137540.8853149414,137841.0076904297,3093.3787908554077
5520,255103.33452999406,137045.91143798828,137018.58642578125,3145.924530029297
5521,0.0,0.0,0.0,0.0
5522,169237.58532999828,90860.1019897461,90944.84423828125,2005.7747330069542
5523,256557.695650002,137721.8549194336,138138.37646484375,3138.9790720939636
5524,163990.80969999917,88172.90625,88302.75451660156,2034.0714139938354
5525,272123.8540199939,140989.75369262695,141308.9500427246,13286.965785980225
5526,259761.3022899963,134123.8324356079,133867.00521850586,13791.360498428345
5527,276730.51128000394,143159.96630859375,143286.16073608398,14251.378644943237
5528,269334.63663999736,139004.6576538086,139516.22589111328,13956.778242111206
5530,259289.3067999985,139488.9556274414,139407.48681640625,3244.6916723251343
5532,258291.39634999074,139055.85556030273,138564.79864501953,3142.2169427871704
5533,76645.71275000274,41201.68566894531,41207.12268066406,895.0240964889526
5534,254431.77134000137,136709.84118652344,137011.6841430664,2966.855501651764
5535,281572.5929300003,151181.60455322266,151405.25381469727,3393.7869319180027
5536,216878.46152000315,116428.95349121094,116636.07131958008,2642.2184681892395
5537,265427.1506699901,142426.30792236328,142961.13342285156,3162.8698921203613
5538,277265.38090000115,148845.54711914062,149029.64001464844,3399.2040128707886
5540,267218.18860000186,143817.7080078125,143478.3355102539,3302.3765830993652
5541,231699.4188050069,124330.85791015625,124463.92364501953,2795.0468101501465
5542,0.0,0.0,0.0,0.0
5543,286154.78245999664,153156.8179321289,153865.1801147461,3536.4515800476074
5544,284163.96629998833,152310.30517578125,152997.98138427734,3503.517053604126
5545,73361.8763999939,39690.5009765625,39287.39224243164,911.6788454055786
5546,0.0,0.0,0.0,0.0
5547,258740.4595599845,139020.44299316406,139298.1739501953,3114.9092512130737
5548,287516.9647000171,154465.837890625,154822.80499267578,3553.904597122222
5549,278772.6870400086,149585.8016357422,150005.6563720703,3466.695059776306
5550,259030.53740001097,139132.13995361328,139241.22119140625,3209.9935026168823
5551,258952.91750001162,139002.5795288086,138957.57498168945,3209.557801246643
5552,263403.08751997724,141227.65130615234,141924.7186279297,3289.5232458114624
5554,0.0,0.0,0.0,0.0
5555,261511.66699997336,140304.04583740234,140491.38861083984,3266.7906222343445
5556,290451.4265199974,156402.1450805664,155966.76446533203,3654.3570370674133
5557,276782.774599988,148620.93588256836,148676.67803955078,3420.354112625122
5558,262343.02359999716,140988.9385986328,140708.56619262695,3289.6955251693726
5559,220011.5606799908,118004.30624389648,118426.12145996094,2716.2725744247437
5561,0.0,0.0,0.0,0.0
5562,8076.4770600013435,4385.022277832031,4373.731262207031,102.57134819030762
5564,0.0,0.0,0.0,0.0
5565,0.0,0.0,0.0,0.0
5566,0.0,0.0,0.0,0.0
5567,0.0,0.0,0.0,0.0
5569,283692.73355000466,151954.31030273438,152850.146484375,3531.28609085083
5570,270837.4242500067,145147.99481201172,145821.24005126953,3456.772012233734
5571,141812.09134000167,76161.4603881836,76255.20330810547,1732.2151899337769
5572,98262.87079999968,52742.56652832031,53010.325439453125,1219.5732879638672
5573,292562.2653599866,157140.21838378906,157354.12994384766,3609.2764444351196
5574,253777.26950999722,136551.78875732422,136305.35565185547,3143.1869611740112
5577,257206.29152999446,138156.6131439209,138427.3324356079,3211.808382987976
5578,172815.80898999423,92927.10903930664,92892.54800415039,2153.7193098068237
5586,0.0,0.0,0.0,0.0
5589,0.0,0.0,0.0,0.0
5590,0.0,0.0,0.0,0.0
5591,284111.34200001135,152453.51666259766,152669.46255493164,3486.378318309784
5592,118585.31720000133,63901.37454223633,63778.841400146484,1390.4242105484009
5594,0.0,0.0,0.0,0.0
5595,0.0,0.0,0.0,0.0
5597,0.0,0.0,0.0,0.0
5598,106390.4640599899,57266.36376953125,57135.41278076172,1277.1230821609497
5600,0.0,0.0,0.0,0.0
5601,205124.2492699884,109747.97958374023,110428.45083618164,2393.6453201770782
5602,249892.3929999955,133813.19506835938,134035.60012817383,3077.9204820655286
5603,262064.88158000633,140391.66177368164,140310.2022857666,3341.232588291168
5604,17532.11694000289,9335.599243164062,9453.292114257812,243.5667724609375
5606,267529.4291399978,143752.62385559082,143419.6388092041,3399.4073312431574
5607,46307.88699999452,25106.233459472656,25078.34490966797,591.0124378204346
5610,18601.983945999295,10009.580322265625,9957.872741699219,246.76624584197998
5611,258254.3934709765,138755.21127319336,139201.22331237793,3155.774238586426
5612,285818.650569994,153493.19430541992,154212.59915161133,3422.314932346344
5613,274431.45109999925,147514.54666137695,147868.1928100586,3287.1001115851104
5614,208322.43499999866,111836.40670776367,112524.08053588867,2472.5210676193237
5615,0.0,0.0,0.0,0.0
5616,271304.9326199889,145864.27487182617,146180.4219970703,3403.423258781433
5617,6773.842899996787,3600.4205322265625,3628.0064086914062,96.09682273864746
5618,35514.31884999573,18931.909118652344,19270.560913085938,392.36711406707764
5619,157189.93145998567,84499.52020263672,84503.8701171875,1957.9785299301147
5620,0.0,0.0,0.0,0.0
5621,44065.04856000841,23713.341430664062,23821.967407226562,556.9199829101562
5623,44317.092539999634,23820.851806640625,23889.52362060547,525.3955612182617
5624,260590.80601597205,140258.5319519043,140072.44604492188,3161.6010122299194
5625,259779.6186400056,139573.05895996094,139608.5477294922,3229.830885887146
5626,260863.40746001154,139913.53411865234,140586.54370117188,3161.034086704254
5627,17958.598880004138,9651.234191894531,9694.824096679688,222.2854290008545
5628,274454.2576199956,147255.3045654297,147561.53814697266,3343.500364303589
5629,207647.35420000553,111800.1224975586,111523.1416015625,2563.791485786438
5630,273354.14505998045,146970.72216796875,146997.78134155273,3351.1888909339905
5631,257942.68980000168,138630.2053527832,138903.4298095703,3216.954289034009
5632,266366.82039000466,142956.20013427734,143505.01153564453,3296.204641342163
5633,67008.06815001369,36147.775329589844,36104.64715576172,834.1766004562378
5635,268688.8855899945,144270.19442749023,144422.546875,3330.7313194274902
5637,160427.69438000768,86471.86503601074,86163.81480407715,2022.6468021161854
5638,236288.0516700223,127320.56936645508,127135.4404296875,2936.4023275375366
5639,227245.6351399906,122391.38470458984,121750.00685119629,2807.230405807495
5641,258110.37756998464,138809.39723205566,138743.53228759766,3152.829270267859
5643,74001.89549998939,39793.52606201172,39821.24853515625,862.4490623474121
5644,132803.90004600212,71671.71075439453,71411.43798828125,1585.503342628479
5645,89704.93845000863,48350.567443847656,48269.18615722656,1105.7769441604614
5646,274623.27745999396,147555.1860961914,148113.15649414062,3295.725724697113
5647,273531.8124499954,147146.72875976562,147113.23706054688,3291.5262413024902
5648,259651.14379999787,139904.71856689453,139771.30377197266,3165.3198862075806
5649,259820.04477001727,139786.3035583496,139295.76333618164,3143.5129203796387
5650,20177.185629997402,10885.095947265625,10903.389892578125,244.67357444763184
5651,122303.65277998894,65554.28175354004,66076.36590576172,1549.048014640808
5652,0.0,0.0,0.0,0.0
5654,263801.25689000264,141569.2767944336,142166.62622070312,3275.8919911384583
5655,258953.67130000144,139481.06091308594,139174.9854736328,3163.661047935486
5656,157589.35463000461,84539.86712646484,84692.95837402344,1903.0311126708984
5662,226634.7494999841,121698.70104980469,122003.96020507812,2842.144515991211
5663,259971.48603001237,139900.99481201172,139962.21240234375,3157.9750938415527
5664,270431.0451699905,145157.47500610352,146000.96975708008,3294.039797782898
5665,13574.562669999897,7307.4183349609375,7288.9632568359375,177.56458473205566
5666,286751.05231099203,154004.4616394043,154290.92291259766,3499.3008527755737