# phi(deg) q2(GeV2) xb t(GeV2) Eb(GeV) A sigA
68.33 1.11 0.126 0.11 5.75 8.9354 0.5418
82.35 1.11 0.126 0.11 5.75 5.7024 0.2823
97.13 1.11 0.126 0.11 5.75 3.5973 0.204
112.2 1.11 0.126 0.11 5.75 2.9545 0.2122
127.27 1.11 0.126 0.11 5.75 2.604 0.1803
142.33 1.11 0.126 0.11 5.75 2.1674 0.1402
157.4 1.11 0.126 0.11 5.75 2.1833 0.1464
172.47 1.11 0.126 0.11 5.75 1.9659 0.1725
187.53 1.11 0.126 0.11 5.75 2.3694 0.1673
202.6 1.11 0.126 0.11 5.75 2.1443 0.1377
217.67 1.11 0.126 0.11 5.75 2.4837 0.1629
232.73 1.11 0.126 0.11 5.75 2.4709 0.1904
247.8 1.11 0.126 0.11 5.75 3.0839 0.1776
262.87 1.11 0.126 0.11 5.75 3.4295 0.1893
277.65 1.11 0.126 0.11 5.75 5.3907 0.2922
291.67 1.11 0.126 0.11 5.75 9.0739 0.5655
68.12 1.11 0.126 0.15 5.75 5.0617 0.4033
82.03 1.11 0.126 0.15 5.75 3.1358 0.1995
97.11 1.11 0.126 0.15 5.75 2.498 0.1521
112.18 1.11 0.126 0.15 5.75 1.7895 0.134
127.26 1.11 0.126 0.15 5.75 1.345 0.1137
142.33 1.11 0.126 0.15 5.75 1.3565 0.0931
157.4 1.11 0.126 0.15 5.75 1.3242 0.0923
172.47 1.11 0.126 0.15 5.75 1.2156 0.1056
187.53 1.11 0.126 0.15 5.75 1.2164 0.0995
202.6 1.11 0.126 0.15 5.75 1.2284 0.0879
217.67 1.11 0.126 0.15 5.75 1.2196 0.0892
232.74 1.11 0.126 0.15 5.75 1.3916 0.1202
247.82 1.11 0.126 0.15 5.75 1.6852 0.1232
262.89 1.11 0.126 0.15 5.75 2.1674 0.1379
277.97 1.11 0.126 0.15 5.75 3.6278 0.2195
291.88 1.11 0.126 0.15 5.75 4.8063 0.3726
67.53 1.11 0.126 0.2 5.75 3.1688 0.3298
82 1.11 0.126 0.2 5.75 2.4884 0.1935
97.09 1.11 0.126 0.2 5.75 1.6622 0.1287
112.17 1.11 0.126 0.2 5.75 1.2373 0.1092
127.25 1.11 0.126 0.2 5.75 0.8238 0.0904
142.32 1.11 0.126 0.2 5.75 0.7833 0.0705
157.39 1.11 0.126 0.2 5.75 0.8914 0.0736
172.46 1.11 0.126 0.2 5.75 0.74 0.0786
187.54 1.11 0.126 0.2 5.75 0.7966 0.086
202.61 1.11 0.126 0.2 5.75 0.6193 0.0598
217.68 1.11 0.126 0.2 5.75 0.7481 0.0658
232.75 1.11 0.126 0.2 5.75 0.9311 0.0931
247.83 1.11 0.126 0.2 5.75 0.999 0.0967
262.91 1.11 0.126 0.2 5.75 1.536 0.1214
278 1.11 0.126 0.2 5.75 1.834 0.1551
292.47 1.11 0.126 0.2 5.75 2.8245 0.2851
55.41 1.11 0.126 0.26 5.75 2.2281 0.2864
66.94 1.11 0.126 0.26 5.75 2.2591 0.2104
81.98 1.11 0.126 0.26 5.75 1.2245 0.1087
97.08 1.11 0.126 0.26 5.75 0.7881 0.0707
112.16 1.11 0.126 0.26 5.75 0.7875 0.0663
127.24 1.11 0.126 0.26 5.75 0.5334 0.0598
142.32 1.11 0.126 0.26 5.75 0.485 0.0471
157.39 1.11 0.126 0.26 5.75 0.5123 0.0463
172.46 1.11 0.126 0.26 5.75 0.5262 0.0519
187.54 1.11 0.126 0.26 5.75 0.3819 0.0485
202.61 1.11 0.126 0.26 5.75 0.406 0.0409
217.68 1.11 0.126 0.26 5.75 0.462 0.0435
232.76 1.11 0.126 0.26 5.75 0.5933 0.0578
247.84 1.11 0.126 0.26 5.75 0.5589 0.0621
262.92 1.11 0.126 0.26 5.75 0.8558 0.0749
278.02 1.11 0.126 0.26 5.75 1.2099 0.1
293.06 1.11 0.126 0.26 5.75 1.7066 0.1666
304.59 1.11 0.126 0.26 5.75 2.4484 0.3194
53.26 1.11 0.126 0.34 5.75 1.5748 0.1358
66.86 1.11 0.126 0.34 5.75 1.0215 0.1056
81.98 1.11 0.126 0.34 5.75 0.7974 0.0752
97.07 1.11 0.126 0.34 5.75 0.5145 0.0468
112.16 1.11 0.126 0.34 5.75 0.3987 0.0378
127.24 1.11 0.126 0.34 5.75 0.4166 0.0467
142.31 1.11 0.126 0.34 5.75 0.3327 0.0345
157.39 1.11 0.126 0.34 5.75 0.2754 0.0288
172.46 1.11 0.126 0.34 5.75 0.293 0.033
187.54 1.11 0.126 0.34 5.75 0.3073 0.0382
202.61 1.11 0.126 0.34 5.75 0.3363 0.0339
217.69 1.11 0.126 0.34 5.75 0.2558 0.0272
232.76 1.11 0.126 0.34 5.75 0.3312 0.0365
247.84 1.11 0.126 0.34 5.75 0.3611 0.0432
262.93 1.11 0.126 0.34 5.75 0.5974 0.0514
278.02 1.11 0.126 0.34 5.75 0.6848 0.0607
293.14 1.11 0.126 0.34 5.75 1.1823 0.1052
306.74 1.11 0.126 0.34 5.75 1.1396 0.1275
41.56 1.11 0.126 0.45 5.75 0.9642 0.0841
51.83 1.11 0.126 0.45 5.75 0.8493 0.0623
66.87 1.11 0.126 0.45 5.75 0.6147 0.0571
81.97 1.11 0.126 0.45 5.75 0.3942 0.0382
97.06 1.11 0.126 0.45 5.75 0.2724 0.0254
112.15 1.11 0.126 0.45 5.75 0.2626 0.0252
127.23 1.11 0.126 0.45 5.75 0.1885 0.025
142.31 1.11 0.126 0.45 5.75 0.1759 0.022
157.39 1.11 0.126 0.45 5.75 0.1818 0.02
172.46 1.11 0.126 0.45 5.75 0.1567 0.0196
187.54 1.11 0.126 0.45 5.75 0.1513 0.0227
202.61 1.11 0.126 0.45 5.75 0.1315 0.018
217.69 1.11 0.126 0.45 5.75 0.1585 0.0182
232.77 1.11 0.126 0.45 5.75 0.1984 0.0228
247.85 1.11 0.126 0.45 5.75 0.2037 0.0262
262.94 1.11 0.126 0.45 5.75 0.2671 0.0257
278.03 1.11 0.126 0.45 5.75 0.3425 0.0312
293.13 1.11 0.126 0.45 5.75 0.5723 0.0497
308.17 1.11 0.126 0.45 5.75 0.8164 0.0767
39.49 1.27 0.154 0.11 5.75 8.4447 0.4798
52.77 1.27 0.154 0.11 5.75 4.7947 0.2755
67.03 1.27 0.154 0.11 5.75 3.134 0.2163
82.09 1.27 0.154 0.11 5.75 2.3581 0.1447
97.15 1.27 0.154 0.11 5.75 1.944 0.1318
112.2 1.27 0.154 0.11 5.75 1.6184 0.145
127.26 1.27 0.154 0.11 5.75 1.1996 0.1376
142.33 1.27 0.154 0.11 5.75 1.1766 0.1098
157.4 1.27 0.154 0.11 5.75 1.0584 0.1018
172.46 1.27 0.154 0.11 5.75 1.1094 0.132
187.54 1.27 0.154 0.11 5.75 0.9541 0.1178
202.6 1.27 0.154 0.11 5.75 1.0561 0.1001
217.67 1.27 0.154 0.11 5.75 1.1877 0.1124
232.74 1.27 0.154 0.11 5.75 1.0885 0.1309
247.8 1.27 0.154 0.11 5.75 1.2801 0.1161
262.85 1.27 0.154 0.11 5.75 1.8438 0.1269
277.91 1.27 0.154 0.11 5.75 2.5906 0.1672
292.97 1.27 0.154 0.11 5.75 2.9282 0.2048
307.23 1.27 0.154 0.11 5.75 4.5416 0.2312
320.51 1.27 0.154 0.11 5.75 7.144 0.3702
53.18 1.27 0.154 0.15 5.75 3.5923 0.2252
66.96 1.27 0.154 0.15 5.75 2.2993 0.1682
82.04 1.27 0.154 0.15 5.75 1.5455 0.1041
97.11 1.27 0.154 0.15 5.75 1.167 0.0832
112.18 1.27 0.154 0.15 5.75 0.8174 0.0743
127.25 1.27 0.154 0.15 5.75 0.7534 0.0895
142.32 1.27 0.154 0.15 5.75 0.6568 0.0679
157.39 1.27 0.154 0.15 5.75 0.5349 0.058
172.46 1.27 0.154 0.15 5.75 0.6159 0.0728
187.54 1.27 0.154 0.15 5.75 0.6326 0.0792
202.61 1.27 0.154 0.15 5.75 0.5483 0.0598
217.68 1.27 0.154 0.15 5.75 0.7841 0.0712
232.75 1.27 0.154 0.15 5.75 0.6841 0.081
247.82 1.27 0.154 0.15 5.75 0.8313 0.0791
262.89 1.27 0.154 0.15 5.75 1.0538 0.0779
277.96 1.27 0.154 0.15 5.75 1.5095 0.1009
293.04 1.27 0.154 0.15 5.75 2.3509 0.1674
306.82 1.27 0.154 0.15 5.75 3.5059 0.2188
53.03 1.27 0.154 0.2 5.75 2.4735 0.1978
66.9 1.27 0.154 0.2 5.75 1.4534 0.1417
82 1.27 0.154 0.2 5.75 1.0145 0.0887
97.09 1.27 0.154 0.2 5.75 0.8253 0.0688
112.17 1.27 0.154 0.2 5.75 0.6273 0.0615
127.24 1.27 0.154 0.2 5.75 0.5037 0.0691
142.31 1.27 0.154 0.2 5.75 0.3612 0.0485
157.39 1.27 0.154 0.2 5.75 0.435 0.0498
172.46 1.27 0.154 0.2 5.75 0.3221 0.0467
187.54 1.27 0.154 0.2 5.75 0.3545 0.0562
202.61 1.27 0.154 0.2 5.75 0.5319 0.0589
217.69 1.27 0.154 0.2 5.75 0.5126 0.0548
232.76 1.27 0.154 0.2 5.75 0.3888 0.0547
247.83 1.27 0.154 0.2 5.75 0.5469 0.0634
262.91 1.27 0.154 0.2 5.75 0.8198 0.0687
278 1.27 0.154 0.2 5.75 1.0263 0.0861
293.1 1.27 0.154 0.2 5.75 1.4254 0.1341
306.97 1.27 0.154 0.2 5.75 2.0991 0.1888
52.39 1.27 0.154 0.26 5.75 1.4858 0.1218
66.86 1.27 0.154 0.26 5.75 0.8723 0.0918
81.97 1.27 0.154 0.26 5.75 0.66 0.0609
97.07 1.27 0.154 0.26 5.75 0.4891 0.044
112.15 1.27 0.154 0.26 5.75 0.4394 0.0428
127.23 1.27 0.154 0.26 5.75 0.2856 0.0405
142.31 1.27 0.154 0.26 5.75 0.3743 0.0426
157.39 1.27 0.154 0.26 5.75 0.2181 0.0283
172.46 1.27 0.154 0.26 5.75 0.2576 0.0334
187.54 1.27 0.154 0.26 5.75 0.3326 0.0484
202.61 1.27 0.154 0.26 5.75 0.2636 0.033
217.69 1.27 0.154 0.26 5.75 0.2902 0.0335
232.77 1.27 0.154 0.26 5.75 0.263 0.0363
247.85 1.27 0.154 0.26 5.75 0.3767 0.0462
262.93 1.27 0.154 0.26 5.75 0.4043 0.0409
278.03 1.27 0.154 0.26 5.75 0.8051 0.0635
293.14 1.27 0.154 0.26 5.75 0.8908 0.0872
307.61 1.27 0.154 0.26 5.75 1.7107 0.1526
51.8 1.27 0.154 0.34 5.75 0.8891 0.0744
66.83 1.27 0.154 0.34 5.75 0.5785 0.0609
81.95 1.27 0.154 0.34 5.75 0.3016 0.0368
97.05 1.27 0.154 0.34 5.75 0.3132 0.0308
112.14 1.27 0.154 0.34 5.75 0.2228 0.0257
127.23 1.27 0.154 0.34 5.75 0.2088 0.0315
142.31 1.27 0.154 0.34 5.75 0.1059 0.0206
157.38 1.27 0.154 0.34 5.75 0.1421 0.0217
172.46 1.27 0.154 0.34 5.75 0.102 0.0181
187.54 1.27 0.154 0.34 5.75 0.1145 0.0241
202.62 1.27 0.154 0.34 5.75 0.1599 0.0239
217.69 1.27 0.154 0.34 5.75 0.1868 0.0232
232.77 1.27 0.154 0.34 5.75 0.1553 0.0231
247.86 1.27 0.154 0.34 5.75 0.2422 0.0337
262.95 1.27 0.154 0.34 5.75 0.3157 0.0319
278.05 1.27 0.154 0.34 5.75 0.3731 0.0359
293.17 1.27 0.154 0.34 5.75 0.5313 0.0547
308.2 1.27 0.154 0.34 5.75 0.9415 0.0928
41.09 1.27 0.154 0.45 5.75 1.0955 0.096
51.65 1.27 0.154 0.45 5.75 0.479 0.039
66.81 1.27 0.154 0.45 5.75 0.302 0.0327
81.93 1.27 0.154 0.45 5.75 0.1867 0.0246
97.04 1.27 0.154 0.45 5.75 0.154 0.0176
112.13 1.27 0.154 0.45 5.75 0.1275 0.0159
127.22 1.27 0.154 0.45 5.75 0.0709 0.0135
142.3 1.27 0.154 0.45 5.75 0.0954 0.018
157.38 1.27 0.154 0.45 5.75 0.0842 0.0158
172.46 1.27 0.154 0.45 5.75 0.0698 0.015
187.54 1.27 0.154 0.45 5.75 0.0553 0.0178
202.62 1.27 0.154 0.45 5.75 0.091 0.0185
217.7 1.27 0.154 0.45 5.75 0.0978 0.0157
232.78 1.27 0.154 0.45 5.75 0.1107 0.0165
247.87 1.27 0.154 0.45 5.75 0.1414 0.0218
262.96 1.27 0.154 0.45 5.75 0.1561 0.0183
278.07 1.27 0.154 0.45 5.75 0.1689 0.0194
293.19 1.27 0.154 0.45 5.75 0.3617 0.0333
308.35 1.27 0.154 0.45 5.75 0.5071 0.0509
318.91 1.27 0.154 0.45 5.75 0.9431 0.088
68.41 1.39 0.155 0.11 5.75 4.9278 0.28
82.12 1.39 0.155 0.11 5.75 3.1648 0.1686
97.15 1.39 0.155 0.11 5.75 2.5254 0.1516
112.22 1.39 0.155 0.11 5.75 1.9683 0.1622
127.28 1.39 0.155 0.11 5.75 1.6288 0.1457
142.34 1.39 0.155 0.11 5.75 1.6075 0.1215
157.4 1.39 0.155 0.11 5.75 1.2713 0.108
172.47 1.39 0.155 0.11 5.75 1.1431 0.1266
187.53 1.39 0.155 0.11 5.75 1.1655 0.1225
202.6 1.39 0.155 0.11 5.75 1.3029 0.1128
217.66 1.39 0.155 0.11 5.75 1.6213 0.1358
232.72 1.39 0.155 0.11 5.75 1.6767 0.1533
247.78 1.39 0.155 0.11 5.75 1.5828 0.1239
262.85 1.39 0.155 0.11 5.75 2.6652 0.1524
277.88 1.39 0.155 0.11 5.75 2.7624 0.1693
291.59 1.39 0.155 0.11 5.75 4.7012 0.2716
68.06 1.39 0.155 0.15 5.75 2.8819 0.1799
82.05 1.39 0.155 0.15 5.75 1.7514 0.1065
97.13 1.39 0.155 0.15 5.75 1.5676 0.0972
112.2 1.39 0.155 0.15 5.75 1.3226 0.1014
127.27 1.39 0.155 0.15 5.75 0.9156 0.0896
142.33 1.39 0.155 0.15 5.75 0.6753 0.0644
157.4 1.39 0.155 0.15 5.75 0.8193 0.0697
172.47 1.39 0.155 0.15 5.75 0.7601 0.0803
187.53 1.39 0.155 0.15 5.75 0.8771 0.0899
202.6 1.39 0.155 0.15 5.75 0.7889 0.0709
217.67 1.39 0.155 0.15 5.75 0.8822 0.0759
232.73 1.39 0.155 0.15 5.75 1.0459 0.0979
247.8 1.39 0.155 0.15 5.75 1.0511 0.0876
262.87 1.39 0.155 0.15 5.75 1.3204 0.0868
277.95 1.39 0.155 0.15 5.75 1.9731 0.1197
291.94 1.39 0.155 0.15 5.75 2.8219 0.1722
67.32 1.39 0.155 0.2 5.75 1.76 0.1394
82.02 1.39 0.155 0.2 5.75 1.1427 0.0894
97.11 1.39 0.155 0.2 5.75 0.9893 0.0765
112.19 1.39 0.155 0.2 5.75 0.6613 0.0658
127.26 1.39 0.155 0.2 5.75 0.5539 0.0651
142.33 1.39 0.155 0.2 5.75 0.503 0.0545
157.4 1.39 0.155 0.2 5.75 0.4168 0.0474
172.47 1.39 0.155 0.2 5.75 0.4626 0.0577
187.53 1.39 0.155 0.2 5.75 0.3445 0.0513
202.6 1.39 0.155 0.2 5.75 0.4444 0.0483
217.67 1.39 0.155 0.2 5.75 0.6003 0.0579
232.74 1.39 0.155 0.2 5.75 0.6781 0.0739
247.81 1.39 0.155 0.2 5.75 0.715 0.0706
262.89 1.39 0.155 0.2 5.75 1.0285 0.0775
277.98 1.39 0.155 0.2 5.75 1.1287 0.0857
292.68 1.39 0.155 0.2 5.75 1.8929 0.1422
66.92 1.39 0.155 0.26 5.75 1.2582 0.0985
82 1.39 0.155 0.26 5.75 0.7821 0.0644
97.09 1.39 0.155 0.26 5.75 0.4133 0.0394
112.18 1.39 0.155 0.26 5.75 0.445 0.0446
127.25 1.39 0.155 0.26 5.75 0.3276 0.0416
142.32 1.39 0.155 0.26 5.75 0.2976 0.036
157.39 1.39 0.155 0.26 5.75 0.2753 0.0324
172.46 1.39 0.155 0.26 5.75 0.2821 0.036
187.54 1.39 0.155 0.26 5.75 0.225 0.0347
202.61 1.39 0.155 0.26 5.75 0.3381 0.0363
217.68 1.39 0.155 0.26 5.75 0.2467 0.03
232.75 1.39 0.155 0.26 5.75 0.3753 0.0418
247.82 1.39 0.155 0.26 5.75 0.3111 0.039
262.91 1.39 0.155 0.26 5.75 0.5864 0.049
278 1.39 0.155 0.26 5.75 0.791 0.0606
293.08 1.39 0.155 0.26 5.75 1.1056 0.0914
54.08 1.39 0.155 0.34 5.75 1.057 0.0848
66.88 1.39 0.155 0.34 5.75 0.7246 0.0617
81.99 1.39 0.155 0.34 5.75 0.4383 0.0421
97.08 1.39 0.155 0.34 5.75 0.3362 0.0316
112.17 1.39 0.155 0.34 5.75 0.3073 0.0318
127.25 1.39 0.155 0.34 5.75 0.2201 0.0298
142.32 1.39 0.155 0.34 5.75 0.2008 0.0262
157.39 1.39 0.155 0.34 5.75 0.1836 0.0235
172.46 1.39 0.155 0.34 5.75 0.1949 0.0255
187.54 1.39 0.155 0.34 5.75 0.1815 0.0279
202.61 1.39 0.155 0.34 5.75 0.2127 0.0261
217.68 1.39 0.155 0.34 5.75 0.1884 0.0226
232.75 1.39 0.155 0.34 5.75 0.2227 0.0283
247.83 1.39 0.155 0.34 5.75 0.2037 0.0291
262.92 1.39 0.155 0.34 5.75 0.2977 0.0306
278.01 1.39 0.155 0.34 5.75 0.4361 0.0377
293.12 1.39 0.155 0.34 5.75 0.5538 0.0539
305.92 1.39 0.155 0.34 5.75 1.1538 0.0973
51.97 1.39 0.155 0.45 5.75 0.6221 0.0417
66.88 1.39 0.155 0.45 5.75 0.3719 0.0331
81.98 1.39 0.155 0.45 5.75 0.1963 0.0224
97.08 1.39 0.155 0.45 5.75 0.1649 0.018
112.16 1.39 0.155 0.45 5.75 0.1348 0.0164
127.24 1.39 0.155 0.45 5.75 0.1146 0.0176
142.32 1.39 0.155 0.45 5.75 0.1176 0.0172
157.39 1.39 0.155 0.45 5.75 0.1303 0.0161
172.46 1.39 0.155 0.45 5.75 0.1189 0.0162
187.54 1.39 0.155 0.45 5.75 0.0996 0.0175
202.61 1.39 0.155 0.45 5.75 0.0952 0.0145
217.68 1.39 0.155 0.45 5.75 0.1121 0.0143
232.76 1.39 0.155 0.45 5.75 0.0987 0.0152
247.84 1.39 0.155 0.45 5.75 0.1369 0.0201
262.92 1.39 0.155 0.45 5.75 0.167 0.0189
278.02 1.39 0.155 0.45 5.75 0.2314 0.0218
293.12 1.39 0.155 0.45 5.75 0.3358 0.0323
308.03 1.39 0.155 0.45 5.75 0.5584 0.0475
7.85 1.45 0.184 0.11 5.75 4.035 0.2391
22.93 1.45 0.184 0.11 5.75 4.1777 0.1827
37.42 1.45 0.184 0.11 5.75 3.0824 0.1366
52.08 1.45 0.184 0.11 5.75 2.2973 0.1363
67.09 1.45 0.184 0.11 5.75 1.9029 0.1526
82.13 1.45 0.184 0.11 5.75 1.21 0.1003
97.17 1.45 0.184 0.11 5.75 1.113 0.0889
112.21 1.45 0.184 0.11 5.75 0.8355 0.0826
127.27 1.45 0.184 0.11 5.75 0.7907 0.0969
142.33 1.45 0.184 0.11 5.75 0.5471 0.0619
157.39 1.45 0.184 0.11 5.75 0.5532 0.0563
172.46 1.45 0.184 0.11 5.75 0.4869 0.0643
187.54 1.45 0.184 0.11 5.75 0.5022 0.0695
202.61 1.45 0.184 0.11 5.75 0.4334 0.0516
217.67 1.45 0.184 0.11 5.75 0.5621 0.0621
232.73 1.45 0.184 0.11 5.75 0.6076 0.0802
247.79 1.45 0.184 0.11 5.75 0.7304 0.0744
262.83 1.45 0.184 0.11 5.75 0.9625 0.0822
277.87 1.45 0.184 0.11 5.75 1.2243 0.0999
292.91 1.45 0.184 0.11 5.75 1.9561 0.1489
307.92 1.45 0.184 0.11 5.75 2.5557 0.1402
322.58 1.45 0.184 0.11 5.75 3.29 0.1431
337.07 1.45 0.184 0.11 5.75 3.9039 0.1762
352.15 1.45 0.184 0.11 5.75 4.7351 0.2735
24.27 1.45 0.184 0.15 5.75 4.9119 0.2721
38 1.45 0.184 0.15 5.75 2.5609 0.1175
51.97 1.45 0.184 0.15 5.75 1.9062 0.0978
67.01 1.45 0.184 0.15 5.75 1.2143 0.0903
82.07 1.45 0.184 0.15 5.75 0.8716 0.0683
97.13 1.45 0.184 0.15 5.75 0.6479 0.0542
112.19 1.45 0.184 0.15 5.75 0.5814 0.0548
127.25 1.45 0.184 0.15 5.75 0.3401 0.0502
142.32 1.45 0.184 0.15 5.75 0.2909 0.0395
157.39 1.45 0.184 0.15 5.75 0.3961 0.0418
172.46 1.45 0.184 0.15 5.75 0.2718 0.0388
187.54 1.45 0.184 0.15 5.75 0.3153 0.0475
202.61 1.45 0.184 0.15 5.75 0.4299 0.0457
217.68 1.45 0.184 0.15 5.75 0.3719 0.0432
232.75 1.45 0.184 0.15 5.75 0.4732 0.0596
247.81 1.45 0.184 0.15 5.75 0.5282 0.0564
262.87 1.45 0.184 0.15 5.75 0.7802 0.0605
277.93 1.45 0.184 0.15 5.75 1.0058 0.0686
292.99 1.45 0.184 0.15 5.75 1.3495 0.0956
308.03 1.45 0.184 0.15 5.75 1.6663 0.0968
322 1.45 0.184 0.15 5.75 2.5455 0.1167
335.73 1.45 0.184 0.15 5.75 3.7992 0.2123
38.92 1.45 0.184 0.2 5.75 2.2199 0.1344
51.87 1.45 0.184 0.2 5.75 1.2909 0.0806
66.95 1.45 0.184 0.2 5.75 0.7185 0.0677
82.03 1.45 0.184 0.2 5.75 0.5357 0.0517
97.1 1.45 0.184 0.2 5.75 0.4989 0.045
112.17 1.45 0.184 0.2 5.75 0.4026 0.0419
127.24 1.45 0.184 0.2 5.75 0.2864 0.0426
142.31 1.45 0.184 0.2 5.75 0.2655 0.0387
157.39 1.45 0.184 0.2 5.75 0.259 0.0345
172.46 1.45 0.184 0.2 5.75 0.2545 0.0364
187.54 1.45 0.184 0.2 5.75 0.1665 0.0339
202.61 1.45 0.184 0.2 5.75 0.2035 0.0297
217.69 1.45 0.184 0.2 5.75 0.2428 0.0324
232.76 1.45 0.184 0.2 5.75 0.2924 0.043
247.83 1.45 0.184 0.2 5.75 0.2604 0.0386
262.9 1.45 0.184 0.2 5.75 0.3763 0.0392
277.97 1.45 0.184 0.2 5.75 0.6275 0.0515
293.05 1.45 0.184 0.2 5.75 0.8223 0.0716
308.13 1.45 0.184 0.2 5.75 1.3345 0.0962
321.08 1.45 0.184 0.2 5.75 2.4176 0.1342
39.83 1.45 0.184 0.26 5.75 1.8396 0.1242
51.77 1.45 0.184 0.26 5.75 0.8764 0.0575
66.89 1.45 0.184 0.26 5.75 0.5329 0.048
81.99 1.45 0.184 0.26 5.75 0.3773 0.0395
97.08 1.45 0.184 0.26 5.75 0.2995 0.0284
112.16 1.45 0.184 0.26 5.75 0.2385 0.0255
127.23 1.45 0.184 0.26 5.75 0.2204 0.031
142.31 1.45 0.184 0.26 5.75 0.1138 0.02
157.38 1.45 0.184 0.26 5.75 0.1583 0.0228
172.46 1.45 0.184 0.26 5.75 0.1191 0.0218
187.54 1.45 0.184 0.26 5.75 0.1236 0.0256
202.62 1.45 0.184 0.26 5.75 0.1238 0.0205
217.69 1.45 0.184 0.26 5.75 0.1796 0.0232
232.77 1.45 0.184 0.26 5.75 0.2218 0.0301
247.84 1.45 0.184 0.26 5.75 0.2495 0.0317
262.92 1.45 0.184 0.26 5.75 0.2412 0.0259
278.01 1.45 0.184 0.26 5.75 0.3789 0.0333
293.11 1.45 0.184 0.26 5.75 0.5726 0.0489
308.23 1.45 0.184 0.26 5.75 0.848 0.0686
320.17 1.45 0.184 0.26 5.75 1.5171 0.1052
40.41 1.45 0.184 0.34 5.75 1.1611 0.0924
51.69 1.45 0.184 0.34 5.75 0.4892 0.0364
66.84 1.45 0.184 0.34 5.75 0.3045 0.031
81.96 1.45 0.184 0.34 5.75 0.1558 0.0208
97.05 1.45 0.184 0.34 5.75 0.2128 0.0214
112.14 1.45 0.184 0.34 5.75 0.1799 0.02
127.22 1.45 0.184 0.34 5.75 0.1239 0.0197
142.3 1.45 0.184 0.34 5.75 0.09 0.0191
157.38 1.45 0.184 0.34 5.75 0.1003 0.0192
172.46 1.45 0.184 0.34 5.75 0.0965 0.0209
187.54 1.45 0.184 0.34 5.75 0.0632 0.0214
202.62 1.45 0.184 0.34 5.75 0.0729 0.016
217.7 1.45 0.184 0.34 5.75 0.1027 0.0169
232.78 1.45 0.184 0.34 5.75 0.0703 0.0141
247.86 1.45 0.184 0.34 5.75 0.1457 0.0222
262.95 1.45 0.184 0.34 5.75 0.1674 0.0187
278.04 1.45 0.184 0.34 5.75 0.2202 0.0216
293.16 1.45 0.184 0.34 5.75 0.3759 0.0337
308.31 1.45 0.184 0.34 5.75 0.6147 0.0523
319.59 1.45 0.184 0.34 5.75 1.1017 0.084
39.69 1.45 0.184 0.45 5.75 0.7034 0.0488
51.64 1.45 0.184 0.45 5.75 0.3366 0.0239
66.8 1.45 0.184 0.45 5.75 0.2333 0.0212
81.93 1.45 0.184 0.45 5.75 0.1545 0.0181
97.04 1.45 0.184 0.45 5.75 0.128 0.0138
112.13 1.45 0.184 0.45 5.75 0.0925 0.0117
127.22 1.45 0.184 0.45 5.75 0.0534 0.0122
142.3 1.45 0.184 0.45 5.75 0.0721 0.0212
157.38 1.45 0.184 0.45 5.75 0.06 0.0229
172.46 1.45 0.184 0.45 5.75 0.0432 0.0219
232.78 1.45 0.184 0.45 5.75 0.052 0.0122
247.87 1.45 0.184 0.45 5.75 0.0618 0.0121
262.96 1.45 0.184 0.45 5.75 0.0965 0.0122
278.07 1.45 0.184 0.45 5.75 0.1311 0.0141
293.2 1.45 0.184 0.45 5.75 0.1736 0.0179
308.36 1.45 0.184 0.45 5.75 0.3502 0.0309
320.31 1.45 0.184 0.45 5.75 0.5773 0.0437
53.14 1.62 0.185 0.11 5.75 3.7708 0.2027
67.5 1.62 0.185 0.11 5.75 2.3755 0.1446
82.13 1.62 0.185 0.11 5.75 1.8423 0.1054
97.18 1.62 0.185 0.11 5.75 1.2852 0.0844
112.23 1.62 0.185 0.11 5.75 1.2341 0.0953
127.28 1.62 0.185 0.11 5.75 0.8795 0.0849
142.34 1.62 0.185 0.11 5.75 0.7647 0.0671
157.4 1.62 0.185 0.11 5.75 0.6723 0.0587
172.47 1.62 0.185 0.11 5.75 0.6959 0.073
187.53 1.62 0.185 0.11 5.75 0.6105 0.0661
202.6 1.62 0.185 0.11 5.75 0.6912 0.0593
217.66 1.62 0.185 0.11 5.75 0.695 0.0663
232.72 1.62 0.185 0.11 5.75 0.8301 0.0819
247.77 1.62 0.185 0.11 5.75 0.8488 0.0722
262.82 1.62 0.185 0.11 5.75 1.2863 0.0836
277.87 1.62 0.185 0.11 5.75 1.7058 0.1097
292.5 1.62 0.185 0.11 5.75 2.3967 0.1439
306.86 1.62 0.185 0.11 5.75 3.4011 0.1689
53.57 1.63 0.185 0.15 5.75 2.3669 0.1255
67.33 1.63 0.185 0.15 5.75 1.5129 0.0864
82.07 1.63 0.185 0.15 5.75 1.2012 0.0695
97.14 1.63 0.185 0.15 5.75 1.0314 0.0607
112.21 1.63 0.185 0.15 5.75 0.7139 0.0568
127.27 1.63 0.185 0.15 5.75 0.5926 0.0567
142.33 1.63 0.185 0.15 5.75 0.432 0.0402
157.4 1.63 0.185 0.15 5.75 0.4437 0.0395
172.47 1.63 0.185 0.15 5.75 0.4609 0.0466
187.53 1.63 0.185 0.15 5.75 0.4094 0.0462
202.6 1.63 0.185 0.15 5.75 0.4275 0.04
217.67 1.63 0.185 0.15 5.75 0.5081 0.0459
232.73 1.63 0.185 0.15 5.75 0.5089 0.0519
247.79 1.63 0.185 0.15 5.75 0.8021 0.0621
262.86 1.63 0.185 0.15 5.75 0.789 0.0528
277.93 1.63 0.185 0.15 5.75 0.9986 0.0628
292.67 1.63 0.185 0.15 5.75 1.7187 0.0922
306.43 1.63 0.185 0.15 5.75 2.3761 0.1201
54.03 1.63 0.185 0.2 5.75 1.8659 0.1077
67.05 1.63 0.185 0.2 5.75 1.0312 0.0659
82.04 1.63 0.185 0.2 5.75 0.7685 0.0537
97.12 1.63 0.185 0.2 5.75 0.5843 0.0429
112.19 1.63 0.185 0.2 5.75 0.4091 0.0381
127.26 1.63 0.185 0.2 5.75 0.3332 0.0397
142.33 1.63 0.185 0.2 5.75 0.2874 0.0338
157.4 1.63 0.185 0.2 5.75 0.2216 0.0258
172.47 1.63 0.185 0.2 5.75 0.2159 0.0297
187.53 1.63 0.185 0.2 5.75 0.2606 0.0348
202.6 1.63 0.185 0.2 5.75 0.2588 0.0306
217.67 1.63 0.185 0.2 5.75 0.3185 0.0328
232.74 1.63 0.185 0.2 5.75 0.3805 0.0426
247.81 1.63 0.185 0.2 5.75 0.4863 0.0476
262.88 1.63 0.185 0.2 5.75 0.5579 0.0425
277.96 1.63 0.185 0.2 5.75 0.7526 0.0515
292.95 1.63 0.185 0.2 5.75 1.1869 0.0735
305.97 1.63 0.185 0.2 5.75 1.4957 0.0974
53.76 1.63 0.185 0.26 5.75 1.2772 0.0697
66.9 1.63 0.185 0.26 5.75 0.8127 0.0498
82.01 1.63 0.185 0.26 5.75 0.4741 0.0362
97.1 1.63 0.185 0.26 5.75 0.3527 0.0272
112.18 1.63 0.185 0.26 5.75 0.2737 0.0252
127.25 1.63 0.185 0.26 5.75 0.2639 0.0287
142.32 1.63 0.185 0.26 5.75 0.1949 0.0232
157.4 1.63 0.185 0.26 5.75 0.215 0.022
172.47 1.63 0.185 0.26 5.75 0.183 0.0228
187.53 1.63 0.185 0.26 5.75 0.1491 0.0221
202.6 1.63 0.185 0.26 5.75 0.2133 0.0237
217.68 1.63 0.185 0.26 5.75 0.1949 0.0208
232.75 1.63 0.185 0.26 5.75 0.2512 0.0264
247.82 1.63 0.185 0.26 5.75 0.2468 0.0272
262.9 1.63 0.185 0.26 5.75 0.348 0.028
277.99 1.63 0.185 0.26 5.75 0.403 0.0298
293.1 1.63 0.185 0.26 5.75 0.6733 0.0462
306.24 1.63 0.185 0.26 5.75 1.1279 0.0703
53.05 1.63 0.185 0.34 5.75 0.7683 0.0425
66.88 1.63 0.185 0.34 5.75 0.3719 0.0281
81.99 1.63 0.185 0.34 5.75 0.3068 0.0254
97.09 1.63 0.185 0.34 5.75 0.2205 0.0196
112.17 1.63 0.185 0.34 5.75 0.1387 0.0151
127.25 1.63 0.185 0.34 5.75 0.1466 0.0183
142.32 1.63 0.185 0.34 5.75 0.0884 0.013
157.39 1.63 0.185 0.34 5.75 0.1179 0.0141
172.46 1.63 0.185 0.34 5.75 0.12 0.0155
187.54 1.63 0.185 0.34 5.75 0.0933 0.015
202.61 1.63 0.185 0.34 5.75 0.0957 0.0137
217.68 1.63 0.185 0.34 5.75 0.1164 0.0135
232.75 1.63 0.185 0.34 5.75 0.1393 0.0171
247.83 1.63 0.185 0.34 5.75 0.1679 0.0199
262.91 1.63 0.185 0.34 5.75 0.165 0.0168
278.01 1.63 0.185 0.34 5.75 0.3074 0.0227
293.12 1.63 0.185 0.34 5.75 0.4551 0.0329
306.95 1.63 0.185 0.34 5.75 0.6423 0.0432
51.94 1.63 0.185 0.45 5.75 0.3802 0.0211
66.86 1.63 0.185 0.45 5.75 0.2752 0.0203
81.98 1.63 0.185 0.45 5.75 0.1494 0.0148
97.08 1.63 0.185 0.45 5.75 0.1338 0.0124
112.16 1.63 0.185 0.45 5.75 0.0752 0.0091
127.24 1.63 0.185 0.45 5.75 0.0834 0.0115
142.32 1.63 0.185 0.45 5.75 0.064 0.0101
157.39 1.63 0.185 0.45 5.75 0.0554 0.0078
172.47 1.63 0.185 0.45 5.75 0.0673 0.0094
187.53 1.63 0.185 0.45 5.75 0.0638 0.0111
202.61 1.63 0.185 0.45 5.75 0.0639 0.0096
217.68 1.63 0.185 0.45 5.75 0.0636 0.0084
232.76 1.63 0.185 0.45 5.75 0.06 0.0087
247.84 1.63 0.185 0.45 5.75 0.1035 0.0126
262.92 1.63 0.185 0.45 5.75 0.0855 0.0099
278.02 1.63 0.185 0.45 5.75 0.1542 0.0134
293.14 1.63 0.185 0.45 5.75 0.2421 0.019
308.06 1.63 0.185 0.45 5.75 0.4066 0.0264
7.48 1.64 0.214 0.11 5.75 2.0259 0.1136
22.34 1.64 0.214 0.11 5.75 1.7908 0.0871
37.19 1.64 0.214 0.11 5.75 1.4193 0.0742
52.16 1.64 0.214 0.11 5.75 1.179 0.0768
67.15 1.64 0.214 0.11 5.75 0.7101 0.0718
82.16 1.64 0.214 0.11 5.75 0.5965 0.0566
97.19 1.64 0.214 0.11 5.75 0.5707 0.0473
112.23 1.64 0.214 0.11 5.75 0.4512 0.0427
127.27 1.64 0.214 0.11 5.75 0.546 0.0621
142.33 1.64 0.214 0.11 5.75 0.3385 0.0412
157.39 1.64 0.214 0.11 5.75 0.3043 0.036
172.46 1.64 0.214 0.11 5.75 0.2427 0.0391
187.54 1.64 0.214 0.11 5.75 0.2949 0.0485
202.61 1.64 0.214 0.11 5.75 0.2527 0.0333
217.67 1.64 0.214 0.11 5.75 0.3977 0.0434
232.73 1.64 0.214 0.11 5.75 0.4259 0.0533
247.77 1.64 0.214 0.11 5.75 0.4539 0.043
262.81 1.64 0.214 0.11 5.75 0.5948 0.0481
277.84 1.64 0.214 0.11 5.75 0.6068 0.0559
292.85 1.64 0.214 0.11 5.75 0.8352 0.0766
307.84 1.64 0.214 0.11 5.75 1.3076 0.0831
322.81 1.64 0.214 0.11 5.75 1.6096 0.0818
337.66 1.64 0.214 0.11 5.75 2.0262 0.0943
352.52 1.64 0.214 0.11 5.75 1.961 0.111
7.71 1.64 0.214 0.15 5.75 1.9968 0.1019
22.63 1.64 0.214 0.15 5.75 1.6764 0.0718
37.13 1.64 0.214 0.15 5.75 1.2105 0.0545
52.04 1.64 0.214 0.15 5.75 0.946 0.0511
67.07 1.64 0.214 0.15 5.75 0.6329 0.0524
82.1 1.64 0.214 0.15 5.75 0.5589 0.0483
97.15 1.64 0.214 0.15 5.75 0.4107 0.0348
112.2 1.64 0.214 0.15 5.75 0.3 0.0299
127.26 1.64 0.214 0.15 5.75 0.2569 0.0311
142.32 1.64 0.214 0.15 5.75 0.2389 0.0292
157.39 1.64 0.214 0.15 5.75 0.2599 0.027
172.46 1.64 0.214 0.15 5.75 0.1589 0.0229
187.54 1.64 0.214 0.15 5.75 0.1601 0.0273
202.61 1.64 0.214 0.15 5.75 0.1951 0.0232
217.68 1.64 0.214 0.15 5.75 0.1924 0.0226
232.74 1.64 0.214 0.15 5.75 0.2721 0.0333
247.8 1.64 0.214 0.15 5.75 0.2935 0.0327
262.85 1.64 0.214 0.15 5.75 0.3542 0.0315
277.9 1.64 0.214 0.15 5.75 0.4838 0.0401
292.93 1.64 0.214 0.15 5.75 0.7229 0.0573
307.96 1.64 0.214 0.15 5.75 0.9416 0.0593
322.87 1.64 0.214 0.15 5.75 1.2317 0.0571
337.37 1.64 0.214 0.15 5.75 1.7289 0.0703
352.29 1.64 0.214 0.15 5.75 2.1553 0.1017
8.26 1.64 0.214 0.2 5.75 2.0263 0.1644
23.48 1.64 0.214 0.2 5.75 1.7346 0.0912
37.27 1.64 0.214 0.2 5.75 1.0673 0.0512
51.94 1.64 0.214 0.2 5.75 0.7463 0.0432
66.99 1.64 0.214 0.2 5.75 0.4562 0.0409
82.05 1.64 0.214 0.2 5.75 0.356 0.0361
97.12 1.64 0.214 0.2 5.75 0.251 0.0262
112.18 1.64 0.214 0.2 5.75 0.2218 0.0241
127.25 1.64 0.214 0.2 5.75 0.1546 0.0239
142.32 1.64 0.214 0.2 5.75 0.1522 0.0245
157.39 1.64 0.214 0.2 5.75 0.1248 0.0182
172.46 1.64 0.214 0.2 5.75 0.1746 0.0252
187.54 1.64 0.214 0.2 5.75 0.1159 0.0233
202.61 1.64 0.214 0.2 5.75 0.1466 0.0209
217.68 1.64 0.214 0.2 5.75 0.1171 0.018
232.75 1.64 0.214 0.2 5.75 0.2102 0.0301
247.82 1.64 0.214 0.2 5.75 0.19 0.026
262.88 1.64 0.214 0.2 5.75 0.2235 0.0246
277.95 1.64 0.214 0.2 5.75 0.3535 0.0313
293.01 1.64 0.214 0.2 5.75 0.5191 0.0439
308.06 1.64 0.214 0.2 5.75 0.7353 0.0515
322.73 1.64 0.214 0.2 5.75 1.1043 0.0543
336.52 1.64 0.214 0.2 5.75 1.7522 0.0843
351.74 1.64 0.214 0.2 5.75 2.8289 0.1702
25.19 1.64 0.214 0.26 5.75 1.8274 0.1274
37.58 1.64 0.214 0.26 5.75 0.8814 0.0422
51.84 1.64 0.214 0.26 5.75 0.533 0.0303
66.93 1.64 0.214 0.26 5.75 0.3295 0.0275
82.01 1.64 0.214 0.26 5.75 0.2213 0.0234
97.09 1.64 0.214 0.26 5.75 0.1959 0.0188
112.16 1.64 0.214 0.26 5.75 0.1617 0.017
127.24 1.64 0.214 0.26 5.75 0.1043 0.0164
142.31 1.64 0.214 0.26 5.75 0.0851 0.0165
157.39 1.64 0.214 0.26 5.75 0.0813 0.0149
172.46 1.64 0.214 0.26 5.75 0.0882 0.0176
187.54 1.64 0.214 0.26 5.75 0.1008 0.0227
202.61 1.64 0.214 0.26 5.75 0.0678 0.0139
217.69 1.64 0.214 0.26 5.75 0.1168 0.017
232.76 1.64 0.214 0.26 5.75 0.0879 0.0153
247.84 1.64 0.214 0.26 5.75 0.1397 0.0189
262.91 1.64 0.214 0.26 5.75 0.1744 0.0174
277.99 1.64 0.214 0.26 5.75 0.2087 0.0187
293.07 1.64 0.214 0.26 5.75 0.3302 0.0289
308.16 1.64 0.214 0.26 5.75 0.4817 0.0352
322.42 1.64 0.214 0.26 5.75 0.7951 0.0408
334.81 1.64 0.214 0.26 5.75 1.4601 0.0938
37.97 1.64 0.214 0.34 5.75 0.6097 0.0331
51.74 1.64 0.214 0.34 5.75 0.3476 0.0212
66.87 1.64 0.214 0.34 5.75 0.2082 0.019
81.97 1.64 0.214 0.34 5.75 0.1666 0.0182
97.06 1.64 0.214 0.34 5.75 0.1208 0.0132
112.15 1.64 0.214 0.34 5.75 0.093 0.0112
127.23 1.64 0.214 0.34 5.75 0.0673 0.0131
142.31 1.64 0.214 0.34 5.75 0.0576 0.015
157.38 1.64 0.214 0.34 5.75 0.0816 0.02
172.46 1.64 0.214 0.34 5.75 0.0767 0.0237
202.62 1.64 0.214 0.34 5.75 0.0632 0.0188
217.69 1.64 0.214 0.34 5.75 0.0894 0.0171
232.77 1.64 0.214 0.34 5.75 0.0623 0.0128
247.85 1.64 0.214 0.34 5.75 0.078 0.0131
262.94 1.64 0.214 0.34 5.75 0.1055 0.0118
278.03 1.64 0.214 0.34 5.75 0.1572 0.0142
293.13 1.64 0.214 0.34 5.75 0.2614 0.0224
308.26 1.64 0.214 0.34 5.75 0.361 0.0277
322.03 1.64 0.214 0.34 5.75 0.5869 0.0335
38.02 1.64 0.214 0.45 5.75 0.397 0.0223
51.66 1.64 0.214 0.45 5.75 0.2142 0.0137
66.82 1.64 0.214 0.45 5.75 0.1572 0.0132
81.94 1.64 0.214 0.45 5.75 0.083 0.0105
97.04 1.64 0.214 0.45 5.75 0.0554 0.0075
112.13 1.64 0.214 0.45 5.75 0.0449 0.0074
127.22 1.64 0.214 0.45 5.75 0.0468 0.0111
217.7 1.64 0.214 0.45 5.75 0.0232 0.0112
232.78 1.64 0.214 0.45 5.75 0.0566 0.0131
247.87 1.64 0.214 0.45 5.75 0.0407 0.0083
262.96 1.64 0.214 0.45 5.75 0.0501 0.0068
278.06 1.64 0.214 0.45 5.75 0.0883 0.0089
293.18 1.64 0.214 0.45 5.75 0.1116 0.0115
308.34 1.64 0.214 0.45 5.75 0.2386 0.0182
321.98 1.64 0.214 0.45 5.75 0.4454 0.0249
23.16 1.88 0.215 0.11 5.75 3.3378 0.1951
37.96 1.88 0.215 0.11 5.75 2.7154 0.1407
52.73 1.88 0.215 0.11 5.75 1.5653 0.1013
67.28 1.88 0.215 0.11 5.75 1.1438 0.0874
82.17 1.88 0.215 0.11 5.75 0.8924 0.0651
97.2 1.88 0.215 0.11 5.75 0.8012 0.0559
112.25 1.88 0.215 0.11 5.75 0.7615 0.0628
127.3 1.88 0.215 0.11 5.75 0.4652 0.0558
142.35 1.88 0.215 0.11 5.75 0.4891 0.0515
157.41 1.88 0.215 0.11 5.75 0.3936 0.0438
172.47 1.88 0.215 0.11 5.75 0.3645 0.05
202.59 1.88 0.215 0.11 5.75 0.4806 0.0434
217.65 1.88 0.215 0.11 5.75 0.506 0.0485
232.7 1.88 0.215 0.11 5.75 0.5188 0.0543
247.75 1.88 0.215 0.11 5.75 0.5895 0.0506
262.8 1.88 0.215 0.11 5.75 0.821 0.0576
277.83 1.88 0.215 0.11 5.75 0.9854 0.0734
292.72 1.88 0.215 0.11 5.75 1.2637 0.0902
307.27 1.88 0.215 0.11 5.75 1.7853 0.1035
322.04 1.88 0.215 0.11 5.75 2.6943 0.1347
336.84 1.88 0.215 0.11 5.75 3.6628 0.2011
38.98 1.88 0.215 0.15 5.75 2.3386 0.1271
52.95 1.88 0.215 0.15 5.75 1.4945 0.081
67.13 1.88 0.215 0.15 5.75 0.994 0.0652
82.11 1.88 0.215 0.15 5.75 0.696 0.0496
97.16 1.88 0.215 0.15 5.75 0.4648 0.0358
112.22 1.88 0.215 0.15 5.75 0.438 0.0387
127.28 1.88 0.215 0.15 5.75 0.3178 0.0369
142.34 1.88 0.215 0.15 5.75 0.2737 0.0311
157.4 1.88 0.215 0.15 5.75 0.2863 0.0297
172.47 1.88 0.215 0.15 5.75 0.2677 0.0333
187.53 1.88 0.215 0.15 5.75 0.2752 0.0323
202.6 1.88 0.215 0.15 5.75 0.246 0.0258
217.66 1.88 0.215 0.15 5.75 0.3135 0.0304
232.72 1.88 0.215 0.15 5.75 0.4341 0.0419
247.78 1.88 0.215 0.15 5.75 0.4061 0.0386
262.84 1.88 0.215 0.15 5.75 0.494 0.0379
277.89 1.88 0.215 0.15 5.75 0.6686 0.0485
292.87 1.88 0.215 0.15 5.75 0.998 0.0661
307.05 1.88 0.215 0.15 5.75 1.6037 0.0873
321.02 1.88 0.215 0.15 5.75 1.948 0.1074
53.14 1.88 0.215 0.2 5.75 1.1752 0.0648
66.99 1.88 0.215 0.2 5.75 0.6188 0.0463
82.06 1.88 0.215 0.2 5.75 0.4684 0.0401
97.14 1.88 0.215 0.2 5.75 0.3384 0.03
112.2 1.88 0.215 0.2 5.75 0.2777 0.0284
127.27 1.88 0.215 0.2 5.75 0.2371 0.0301
142.33 1.88 0.215 0.2 5.75 0.1954 0.0248
157.4 1.88 0.215 0.2 5.75 0.1745 0.0208
172.47 1.88 0.215 0.2 5.75 0.1999 0.0262
187.53 1.88 0.215 0.2 5.75 0.1874 0.0266
202.6 1.88 0.215 0.2 5.75 0.1398 0.0201
217.67 1.88 0.215 0.2 5.75 0.1782 0.0225
232.73 1.88 0.215 0.2 5.75 0.2625 0.0322
247.8 1.88 0.215 0.2 5.75 0.2659 0.031
262.86 1.88 0.215 0.2 5.75 0.388 0.0332
277.94 1.88 0.215 0.2 5.75 0.5381 0.0399
293.01 1.88 0.215 0.2 5.75 0.6778 0.05
306.86 1.88 0.215 0.2 5.75 0.9436 0.0615
53.05 1.88 0.215 0.26 5.75 0.7443 0.0404
66.93 1.88 0.215 0.26 5.75 0.4401 0.0316
82.03 1.88 0.215 0.26 5.75 0.3138 0.0264
97.12 1.88 0.215 0.26 5.75 0.2632 0.0214
112.19 1.88 0.215 0.26 5.75 0.1565 0.017
127.26 1.88 0.215 0.26 5.75 0.1554 0.0194
142.33 1.88 0.215 0.26 5.75 0.1348 0.0176
157.4 1.88 0.215 0.26 5.75 0.0947 0.0125
172.47 1.88 0.215 0.26 5.75 0.1333 0.0179
187.53 1.88 0.215 0.26 5.75 0.1023 0.0174
202.6 1.88 0.215 0.26 5.75 0.1361 0.0164
217.67 1.88 0.215 0.26 5.75 0.134 0.0162
232.74 1.88 0.215 0.26 5.75 0.1496 0.0201
247.81 1.88 0.215 0.26 5.75 0.1865 0.0225
262.88 1.88 0.215 0.26 5.75 0.2104 0.0193
277.97 1.88 0.215 0.26 5.75 0.3472 0.0251
293.07 1.88 0.215 0.26 5.75 0.4599 0.0332
306.95 1.88 0.215 0.26 5.75 0.7515 0.0454
52.72 1.88 0.215 0.34 5.75 0.4224 0.0246
66.9 1.88 0.215 0.34 5.75 0.2735 0.0217
82.01 1.88 0.215 0.34 5.75 0.19 0.0184
97.1 1.88 0.215 0.34 5.75 0.1485 0.014
112.18 1.88 0.215 0.34 5.75 0.1113 0.0125
127.25 1.88 0.215 0.34 5.75 0.0847 0.0122
142.32 1.88 0.215 0.34 5.75 0.0642 0.0102
157.4 1.88 0.215 0.34 5.75 0.0811 0.0102
172.46 1.88 0.215 0.34 5.75 0.0739 0.0113
187.54 1.88 0.215 0.34 5.75 0.054 0.0104
202.6 1.88 0.215 0.34 5.75 0.0572 0.0096
217.68 1.88 0.215 0.34 5.75 0.0659 0.0097
232.75 1.88 0.215 0.34 5.75 0.0634 0.0105
247.82 1.88 0.215 0.34 5.75 0.0911 0.0133
262.9 1.88 0.215 0.34 5.75 0.1362 0.0135
277.99 1.88 0.215 0.34 5.75 0.192 0.0161
293.1 1.88 0.215 0.34 5.75 0.303 0.0234
307.28 1.88 0.215 0.34 5.75 0.4515 0.0296
51.98 1.88 0.215 0.45 5.75 0.2599 0.0149
66.87 1.88 0.215 0.45 5.75 0.1669 0.0136
81.99 1.88 0.215 0.45 5.75 0.1014 0.0111
97.08 1.88 0.215 0.45 5.75 0.0874 0.0091
112.17 1.88 0.215 0.45 5.75 0.0575 0.007
127.24 1.88 0.215 0.45 5.75 0.0325 0.0062
142.32 1.88 0.215 0.45 5.75 0.0395 0.0071
157.4 1.88 0.215 0.45 5.75 0.047 0.007
172.46 1.88 0.215 0.45 5.75 0.0384 0.0068
187.54 1.88 0.215 0.45 5.75 0.0354 0.0073
202.6 1.88 0.215 0.45 5.75 0.054 0.0091
217.68 1.88 0.215 0.45 5.75 0.0415 0.0066
232.76 1.88 0.215 0.45 5.75 0.0455 0.0073
247.83 1.88 0.215 0.45 5.75 0.0633 0.0091
262.92 1.88 0.215 0.45 5.75 0.0747 0.0085
278.01 1.88 0.215 0.45 5.75 0.1021 0.0096
293.13 1.88 0.215 0.45 5.75 0.1669 0.0142
308.02 1.88 0.215 0.45 5.75 0.2629 0.0182
317.78 1.88 0.215 0.45 5.75 0.3525 0.0374
7.44 1.79 0.244 0.11 5.75 0.9228 0.0721
22.34 1.79 0.244 0.11 5.75 0.7688 0.0553
37.27 1.79 0.244 0.11 5.75 0.6802 0.0463
52.23 1.79 0.244 0.11 5.75 0.5245 0.0421
67.21 1.79 0.244 0.11 5.75 0.4598 0.0479
82.21 1.79 0.244 0.11 5.75 0.4173 0.0486
97.22 1.79 0.244 0.11 5.75 0.404 0.0407
112.25 1.79 0.244 0.11 5.75 0.2445 0.0337
127.28 1.79 0.244 0.11 5.75 0.2346 0.0498
142.33 1.79 0.244 0.11 5.75 0.1501 0.0682
157.39 1.79 0.244 0.11 5.75 0.1332 0.0671
247.75 1.79 0.244 0.11 5.75 0.2823 0.0379
262.78 1.79 0.244 0.11 5.75 0.2947 0.0325
277.79 1.79 0.244 0.11 5.75 0.4555 0.0471
292.79 1.79 0.244 0.11 5.75 0.3275 0.0422
307.77 1.79 0.244 0.11 5.75 0.5403 0.0466
322.73 1.79 0.244 0.11 5.75 0.7645 0.0516
337.66 1.79 0.244 0.11 5.75 0.7752 0.0523
352.56 1.79 0.244 0.11 5.75 0.9391 0.0701
7.42 1.79 0.244 0.15 5.75 1.0445 0.0618
22.25 1.79 0.244 0.15 5.75 0.8147 0.0464
37.15 1.79 0.244 0.15 5.75 0.7672 0.042
52.12 1.79 0.244 0.15 5.75 0.528 0.0357
67.12 1.79 0.244 0.15 5.75 0.3724 0.0373
82.14 1.79 0.244 0.15 5.75 0.2828 0.0323
97.17 1.79 0.244 0.15 5.75 0.2293 0.0234
112.21 1.79 0.244 0.15 5.75 0.1818 0.02
127.27 1.79 0.244 0.15 5.75 0.2182 0.0315
142.32 1.79 0.244 0.15 5.75 0.1612 0.0329
157.39 1.79 0.244 0.15 5.75 0.1086 0.0294
172.46 1.79 0.244 0.15 5.75 0.1541 0.0491
187.54 1.79 0.244 0.15 5.75 0.1199 0.0546
202.61 1.79 0.244 0.15 5.75 0.1411 0.0383
217.68 1.79 0.244 0.15 5.75 0.1512 0.0286
232.73 1.79 0.244 0.15 5.75 0.1274 0.0243
247.79 1.79 0.244 0.15 5.75 0.1943 0.023
262.83 1.79 0.244 0.15 5.75 0.2291 0.0227
277.86 1.79 0.244 0.15 5.75 0.3598 0.0326
292.88 1.79 0.244 0.15 5.75 0.3639 0.0381
307.88 1.79 0.244 0.15 5.75 0.5853 0.0441
322.85 1.79 0.244 0.15 5.75 0.725 0.0424
337.75 1.79 0.244 0.15 5.75 0.8891 0.0455
352.58 1.79 0.244 0.15 5.75 1.0467 0.0573
7.52 1.79 0.244 0.2 5.75 0.9157 0.055
22.29 1.79 0.244 0.2 5.75 0.8046 0.045
37.03 1.79 0.244 0.2 5.75 0.6066 0.0342
52.02 1.79 0.244 0.2 5.75 0.4434 0.03
67.04 1.79 0.244 0.2 5.75 0.3548 0.0335
82.09 1.79 0.244 0.2 5.75 0.2085 0.0265
97.14 1.79 0.244 0.2 5.75 0.1219 0.0168
112.19 1.79 0.244 0.2 5.75 0.1078 0.0148
127.25 1.79 0.244 0.2 5.75 0.0996 0.017
142.32 1.79 0.244 0.2 5.75 0.1133 0.0236
157.39 1.79 0.244 0.2 5.75 0.0752 0.0163
172.46 1.79 0.244 0.2 5.75 0.0729 0.0205
202.61 1.79 0.244 0.2 5.75 0.0993 0.0214
217.68 1.79 0.244 0.2 5.75 0.133 0.0214
232.75 1.79 0.244 0.2 5.75 0.0839 0.0172
247.81 1.79 0.244 0.2 5.75 0.1148 0.0177
262.86 1.79 0.244 0.2 5.75 0.129 0.0168
277.91 1.79 0.244 0.2 5.75 0.2297 0.0239
292.96 1.79 0.244 0.2 5.75 0.2418 0.0283
307.98 1.79 0.244 0.2 5.75 0.5125 0.0408
322.97 1.79 0.244 0.2 5.75 0.5915 0.0358
337.71 1.79 0.244 0.2 5.75 0.7738 0.0401
352.48 1.79 0.244 0.2 5.75 0.9827 0.0526
7.94 1.79 0.244 0.26 5.75 0.9687 0.0622
22.8 1.79 0.244 0.26 5.75 0.7506 0.0394
36.9 1.79 0.244 0.26 5.75 0.4449 0.0243
51.92 1.79 0.244 0.26 5.75 0.3577 0.0221
66.98 1.79 0.244 0.26 5.75 0.2284 0.0204
82.04 1.79 0.244 0.26 5.75 0.1546 0.0186
97.11 1.79 0.244 0.26 5.75 0.1155 0.0139
112.17 1.79 0.244 0.26 5.75 0.097 0.0127
127.24 1.79 0.244 0.26 5.75 0.0862 0.0153
142.31 1.79 0.244 0.26 5.75 0.0511 0.0145
157.38 1.79 0.244 0.26 5.75 0.0441 0.0149
172.46 1.79 0.244 0.26 5.75 0.095 0.0263
187.54 1.79 0.244 0.26 5.75 0.0736 0.0285
202.62 1.79 0.244 0.26 5.75 0.0792 0.021
217.69 1.79 0.244 0.26 5.75 0.0564 0.0132
232.76 1.79 0.244 0.26 5.75 0.0652 0.0142
247.83 1.79 0.244 0.26 5.75 0.1025 0.0159
262.89 1.79 0.244 0.26 5.75 0.1127 0.0133
277.96 1.79 0.244 0.26 5.75 0.1456 0.0147
293.02 1.79 0.244 0.26 5.75 0.2293 0.0217
308.08 1.79 0.244 0.26 5.75 0.3108 0.0261
323.1 1.79 0.244 0.26 5.75 0.4629 0.0267
337.2 1.79 0.244 0.26 5.75 0.7417 0.0351
352.06 1.79 0.244 0.26 5.75 1.1343 0.0594
24.21 1.8 0.244 0.34 5.75 0.6359 0.0433
36.86 1.8 0.244 0.34 5.75 0.3775 0.02
51.81 1.8 0.244 0.34 5.75 0.2216 0.0151
66.91 1.8 0.244 0.34 5.75 0.1277 0.0129
82 1.8 0.244 0.34 5.75 0.0778 0.0113
97.08 1.8 0.244 0.34 5.75 0.0699 0.0097
112.15 1.8 0.244 0.34 5.75 0.0516 0.009
127.23 1.8 0.244 0.34 5.75 0.0551 0.0134
157.38 1.8 0.244 0.34 5.75 0.0316 0.019
202.62 1.8 0.244 0.34 5.75 0.0564 0.0292
217.69 1.8 0.244 0.34 5.75 0.1114 0.0331
232.77 1.8 0.244 0.34 5.75 0.0517 0.0145
247.85 1.8 0.244 0.34 5.75 0.0663 0.0131
262.92 1.8 0.244 0.34 5.75 0.0895 0.0103
278 1.8 0.244 0.34 5.75 0.0878 0.0094
293.09 1.8 0.244 0.34 5.75 0.1615 0.0158
308.19 1.8 0.244 0.34 5.75 0.2246 0.0189
323.14 1.8 0.244 0.34 5.75 0.3849 0.0218
335.79 1.8 0.244 0.34 5.75 0.6702 0.0367
36.83 1.8 0.244 0.45 5.75 0.2675 0.0142
51.71 1.8 0.244 0.45 5.75 0.1461 0.0102
66.84 1.8 0.244 0.45 5.75 0.082 0.0081
81.95 1.8 0.244 0.45 5.75 0.0556 0.0078
97.05 1.8 0.244 0.45 5.75 0.0483 0.0073
112.14 1.8 0.244 0.45 5.75 0.0342 0.0078
232.78 1.8 0.244 0.45 5.75 0.0363 0.0184
247.86 1.8 0.244 0.45 5.75 0.0361 0.0107
262.95 1.8 0.244 0.45 5.75 0.042 0.0062
278.05 1.8 0.244 0.45 5.75 0.0617 0.0065
293.16 1.8 0.244 0.45 5.75 0.1165 0.0107
308.29 1.8 0.244 0.45 5.75 0.1219 0.0116
323.17 1.8 0.244 0.45 5.75 0.2596 0.0151
7.54 2.12 0.244 0.11 5.75 1.5346 0.0956
22.6 2.12 0.244 0.11 5.75 1.4207 0.0742
37.61 2.12 0.244 0.11 5.75 1.0404 0.056
52.44 2.12 0.244 0.11 5.75 0.8799 0.0565
67.2 2.12 0.244 0.11 5.75 0.6952 0.0555
82.22 2.12 0.244 0.11 5.75 0.5983 0.0487
97.24 2.12 0.244 0.11 5.75 0.507 0.0411
112.27 2.12 0.244 0.11 5.75 0.3218 0.037
127.31 2.12 0.244 0.11 5.75 0.2593 0.0463
142.36 2.12 0.244 0.11 5.75 0.2583 0.0513
157.41 2.12 0.244 0.11 5.75 0.205 0.0453
172.47 2.12 0.244 0.11 5.75 0.156 0.0525
187.53 2.12 0.244 0.11 5.75 0.159 0.0537
202.59 2.12 0.244 0.11 5.75 0.1964 0.0444
217.64 2.12 0.244 0.11 5.75 0.3118 0.0545
232.69 2.12 0.244 0.11 5.75 0.3251 0.0542
247.73 2.12 0.244 0.11 5.75 0.3892 0.0409
262.76 2.12 0.244 0.11 5.75 0.3741 0.0348
277.78 2.12 0.244 0.11 5.75 0.6233 0.0508
292.8 2.12 0.244 0.11 5.75 0.7363 0.0564
307.56 2.12 0.244 0.11 5.75 0.8337 0.0531
322.39 2.12 0.244 0.11 5.75 1.2046 0.0613
337.4 2.12 0.244 0.11 5.75 1.3884 0.0742
352.46 2.12 0.244 0.11 5.75 1.695 0.0997
7.67 2.12 0.245 0.15 5.75 1.84 0.12
22.96 2.12 0.245 0.15 5.75 1.5919 0.0845
37.7 2.12 0.245 0.15 5.75 1.0971 0.0565
52.54 2.12 0.245 0.15 5.75 0.7936 0.0467
67.11 2.12 0.245 0.15 5.75 0.6149 0.0423
82.14 2.12 0.245 0.15 5.75 0.4462 0.0337
97.19 2.12 0.245 0.15 5.75 0.3359 0.025
112.24 2.12 0.245 0.15 5.75 0.3084 0.0258
127.29 2.12 0.245 0.15 5.75 0.2034 0.0259
142.35 2.12 0.245 0.15 5.75 0.1898 0.0269
157.41 2.12 0.245 0.15 5.75 0.1622 0.0236
172.47 2.12 0.245 0.15 5.75 0.1458 0.0281
187.53 2.12 0.245 0.15 5.75 0.1656 0.0305
202.59 2.12 0.245 0.15 5.75 0.1535 0.0215
217.65 2.12 0.245 0.15 5.75 0.163 0.0209
232.71 2.12 0.245 0.15 5.75 0.2283 0.0261
247.76 2.12 0.245 0.15 5.75 0.2927 0.0262
262.81 2.12 0.245 0.15 5.75 0.2986 0.0239
277.86 2.12 0.245 0.15 5.75 0.4838 0.0343
292.89 2.12 0.245 0.15 5.75 0.568 0.0416
307.46 2.12 0.245 0.15 5.75 0.8974 0.0511
322.3 2.12 0.245 0.15 5.75 1.2003 0.059
337.04 2.12 0.245 0.15 5.75 1.6672 0.081
352.33 2.12 0.245 0.15 5.75 1.7781 0.1107
38.17 2.12 0.245 0.2 5.75 1.0285 0.0542
52.69 2.12 0.245 0.2 5.75 0.6593 0.0393
67.03 2.12 0.245 0.2 5.75 0.4148 0.0331
82.09 2.12 0.245 0.2 5.75 0.3466 0.0292
97.15 2.12 0.245 0.2 5.75 0.2423 0.0216
112.22 2.12 0.245 0.2 5.75 0.1719 0.0179
127.28 2.12 0.245 0.2 5.75 0.1102 0.0173
142.34 2.12 0.245 0.2 5.75 0.1249 0.0183
157.4 2.12 0.245 0.2 5.75 0.1269 0.0171
172.47 2.12 0.245 0.2 5.75 0.0759 0.0143
187.53 2.12 0.245 0.2 5.75 0.0884 0.0157
202.6 2.12 0.245 0.2 5.75 0.1162 0.0143
217.66 2.12 0.245 0.2 5.75 0.1069 0.0142
232.72 2.12 0.245 0.2 5.75 0.1499 0.0196
247.78 2.12 0.245 0.2 5.75 0.1564 0.0189
262.85 2.12 0.245 0.2 5.75 0.2092 0.0204
277.91 2.12 0.245 0.2 5.75 0.3031 0.0261
292.97 2.12 0.245 0.2 5.75 0.3802 0.032
307.31 2.12 0.245 0.2 5.75 0.6291 0.0425
321.83 2.12 0.245 0.2 5.75 1.0307 0.0554
38.87 2.12 0.245 0.26 5.75 0.8554 0.0459
52.71 2.12 0.245 0.26 5.75 0.4852 0.0265
66.97 2.12 0.245 0.26 5.75 0.3119 0.0236
82.06 2.12 0.245 0.26 5.75 0.2109 0.0194
97.13 2.12 0.245 0.26 5.75 0.1577 0.0143
112.2 2.12 0.245 0.26 5.75 0.1196 0.0125
127.27 2.12 0.245 0.26 5.75 0.0985 0.0133
142.33 2.12 0.245 0.26 5.75 0.0841 0.0128
157.4 2.12 0.245 0.26 5.75 0.0808 0.0107
172.47 2.12 0.245 0.26 5.75 0.0692 0.011
187.53 2.12 0.245 0.26 5.75 0.0595 0.0107
202.6 2.12 0.245 0.26 5.75 0.0713 0.0095
217.67 2.12 0.245 0.26 5.75 0.0814 0.0103
232.73 2.12 0.245 0.26 5.75 0.0917 0.0127
247.8 2.12 0.245 0.26 5.75 0.103 0.0135
262.87 2.12 0.245 0.26 5.75 0.1362 0.0136
277.94 2.12 0.245 0.26 5.75 0.1797 0.0156
293.03 2.12 0.245 0.26 5.75 0.3344 0.0244
307.29 2.12 0.245 0.26 5.75 0.4754 0.03
321.13 2.12 0.245 0.26 5.75 0.7407 0.0429
39.99 2.12 0.245 0.34 5.75 0.5777 0.0368
52.42 2.12 0.245 0.34 5.75 0.296 0.0167
66.92 2.12 0.245 0.34 5.75 0.2033 0.0153
82.02 2.12 0.245 0.34 5.75 0.1516 0.0145
97.11 2.12 0.245 0.34 5.75 0.0967 0.0096
112.19 2.12 0.245 0.34 5.75 0.0792 0.0089
127.26 2.12 0.245 0.34 5.75 0.0711 0.0099
142.33 2.12 0.245 0.34 5.75 0.041 0.0077
157.4 2.12 0.245 0.34 5.75 0.0343 0.0061
172.46 2.12 0.245 0.34 5.75 0.0365 0.0069
187.54 2.12 0.245 0.34 5.75 0.0264 0.0063
202.6 2.12 0.245 0.34 5.75 0.048 0.0071
217.67 2.12 0.245 0.34 5.75 0.0491 0.0068
232.74 2.12 0.245 0.34 5.75 0.0673 0.0097
247.81 2.12 0.245 0.34 5.75 0.0769 0.0103
262.89 2.12 0.245 0.34 5.75 0.0974 0.0102
277.98 2.12 0.245 0.34 5.75 0.1327 0.0112
293.08 2.12 0.245 0.34 5.75 0.1938 0.0157
307.58 2.12 0.245 0.34 5.75 0.3127 0.0204
320.01 2.12 0.245 0.34 5.75 0.584 0.038
51.97 2.12 0.245 0.45 5.75 0.1767 0.0101
66.88 2.12 0.245 0.45 5.75 0.1016 0.0088
82 2.12 0.245 0.45 5.75 0.0701 0.0077
97.09 2.12 0.245 0.45 5.75 0.0553 0.006
112.17 2.12 0.245 0.45 5.75 0.0425 0.0051
127.25 2.12 0.245 0.45 5.75 0.0318 0.0054
142.32 2.12 0.245 0.45 5.75 0.0264 0.0054
157.39 2.12 0.245 0.45 5.75 0.021 0.0046
172.46 2.12 0.245 0.45 5.75 0.0297 0.006
187.54 2.12 0.245 0.45 5.75 0.0264 0.0066
202.61 2.12 0.245 0.45 5.75 0.0286 0.0054
217.68 2.12 0.245 0.45 5.75 0.0378 0.0057
232.75 2.12 0.245 0.45 5.75 0.0304 0.0053
247.83 2.12 0.245 0.45 5.75 0.0318 0.0055
262.91 2.12 0.245 0.45 5.75 0.0658 0.0066
278 2.12 0.245 0.45 5.75 0.0823 0.0072
293.12 2.12 0.245 0.45 5.75 0.1207 0.01
308.03 2.12 0.245 0.45 5.75 0.1773 0.0123
319.36 2.12 0.245 0.45 5.75 0.2733 0.0218
7.46 1.94 0.274 0.11 5.75 0.4022 0.0469
22.4 1.94 0.274 0.11 5.75 0.3987 0.0407
37.34 1.94 0.274 0.11 5.75 0.3855 0.0346
52.3 1.94 0.274 0.11 5.75 0.3762 0.0361
67.28 1.94 0.274 0.11 5.75 0.3159 0.0415
82.28 1.94 0.274 0.11 5.75 0.207 0.0477
97.28 1.94 0.274 0.11 5.75 0.196 0.0572
262.72 1.94 0.274 0.11 5.75 0.2107 0.0556
277.72 1.94 0.274 0.11 5.75 0.2091 0.0482
292.72 1.94 0.274 0.11 5.75 0.3457 0.0543
307.7 1.94 0.274 0.11 5.75 0.4118 0.044
322.66 1.94 0.274 0.11 5.75 0.4278 0.0393
337.6 1.94 0.274 0.11 5.75 0.3885 0.0372
352.54 1.94 0.274 0.11 5.75 0.438 0.0458
7.43 1.94 0.274 0.15 5.75 0.4069 0.0368
22.31 1.94 0.274 0.15 5.75 0.4165 0.033
37.23 1.94 0.274 0.15 5.75 0.3557 0.0268
52.19 1.94 0.274 0.15 5.75 0.3116 0.0251
67.18 1.94 0.274 0.15 5.75 0.223 0.0239
82.18 1.94 0.274 0.15 5.75 0.1756 0.0249
97.2 1.94 0.274 0.15 5.75 0.1691 0.0227
112.24 1.94 0.274 0.15 5.75 0.1368 0.0257
247.76 1.94 0.274 0.15 5.75 0.1482 0.0332
262.8 1.94 0.274 0.15 5.75 0.1245 0.018
277.82 1.94 0.274 0.15 5.75 0.1916 0.0234
292.82 1.94 0.274 0.15 5.75 0.2161 0.0274
307.81 1.94 0.274 0.15 5.75 0.2956 0.0284
322.77 1.94 0.274 0.15 5.75 0.3959 0.0294
337.69 1.94 0.274 0.15 5.75 0.4719 0.0316
352.57 1.94 0.274 0.15 5.75 0.4457 0.0352
7.39 1.94 0.274 0.2 5.75 0.4953 0.0371
22.22 1.94 0.274 0.2 5.75 0.401 0.0306
37.12 1.94 0.274 0.2 5.75 0.3268 0.0248
52.09 1.94 0.274 0.2 5.75 0.2833 0.0237
67.1 1.94 0.274 0.2 5.75 0.1406 0.0185
82.12 1.94 0.274 0.2 5.75 0.1282 0.0194
97.16 1.94 0.274 0.2 5.75 0.1173 0.016
112.21 1.94 0.274 0.2 5.75 0.0964 0.0145
127.26 1.94 0.274 0.2 5.75 0.0718 0.0178
157.39 1.94 0.274 0.2 5.75 0.0689 0.0353
187.54 1.94 0.274 0.2 5.75 0.0769 0.0394
202.61 1.94 0.274 0.2 5.75 0.0741 0.0269
217.68 1.94 0.274 0.2 5.75 0.0586 0.0211
232.74 1.94 0.274 0.2 5.75 0.0794 0.0238
247.79 1.94 0.274 0.2 5.75 0.0625 0.0132
262.84 1.94 0.274 0.2 5.75 0.0907 0.0125
277.88 1.94 0.274 0.2 5.75 0.1277 0.0164
292.9 1.94 0.274 0.2 5.75 0.1568 0.0224
307.91 1.94 0.274 0.2 5.75 0.24 0.0253
322.88 1.94 0.274 0.2 5.75 0.3524 0.0269
337.78 1.94 0.274 0.2 5.75 0.4428 0.0285
352.61 1.94 0.274 0.2 5.75 0.482 0.0328
7.47 1.94 0.274 0.26 5.75 0.45 0.0284
22.11 1.94 0.274 0.26 5.75 0.3698 0.0245
37 1.94 0.274 0.26 5.75 0.2619 0.0175
51.99 1.94 0.274 0.26 5.75 0.2121 0.0158
67.02 1.94 0.274 0.26 5.75 0.1333 0.0142
82.07 1.94 0.274 0.26 5.75 0.0994 0.0142
97.12 1.94 0.274 0.26 5.75 0.0682 0.0106
112.19 1.94 0.274 0.26 5.75 0.0752 0.0115
127.25 1.94 0.274 0.26 5.75 0.0733 0.0179
142.31 1.94 0.274 0.26 5.75 0.0696 0.0358
232.75 1.94 0.274 0.26 5.75 0.033 0.0139
247.81 1.94 0.274 0.26 5.75 0.0399 0.0097
262.88 1.94 0.274 0.26 5.75 0.0621 0.0092
277.93 1.94 0.274 0.26 5.75 0.1124 0.0129
292.98 1.94 0.274 0.26 5.75 0.1663 0.0179
308.01 1.94 0.274 0.26 5.75 0.2173 0.0207
323 1.94 0.274 0.26 5.75 0.2853 0.0194
337.89 1.94 0.274 0.26 5.75 0.4111 0.0225
352.53 1.94 0.274 0.26 5.75 0.4757 0.0265
7.9 1.94 0.275 0.34 5.75 0.5178 0.0333
22.4 1.94 0.275 0.34 5.75 0.3707 0.0224
36.83 1.94 0.275 0.34 5.75 0.2025 0.0134
51.88 1.94 0.275 0.34 5.75 0.1272 0.0104
66.95 1.94 0.275 0.34 5.75 0.0933 0.0098
82.02 1.94 0.275 0.34 5.75 0.061 0.0092
97.09 1.94 0.275 0.34 5.75 0.0382 0.0075
112.16 1.94 0.275 0.34 5.75 0.0355 0.0092
127.24 1.94 0.275 0.34 5.75 0.0221 0.0122
232.76 1.94 0.275 0.34 5.75 0.0512 0.0237
247.84 1.94 0.275 0.34 5.75 0.0339 0.0103
262.91 1.94 0.275 0.34 5.75 0.0618 0.0091
277.98 1.94 0.275 0.34 5.75 0.0704 0.0084
293.05 1.94 0.275 0.34 5.75 0.1013 0.0118
308.12 1.94 0.275 0.34 5.75 0.1347 0.014
323.17 1.94 0.275 0.34 5.75 0.218 0.0151
337.6 1.94 0.275 0.34 5.75 0.3271 0.0182
352.1 1.94 0.275 0.34 5.75 0.5466 0.0296
23.78 1.94 0.275 0.45 5.75 0.2723 0.0194
36.63 1.94 0.275 0.45 5.75 0.1771 0.0107
51.76 1.94 0.275 0.45 5.75 0.0984 0.0076
66.87 1.94 0.275 0.45 5.75 0.0628 0.0065
81.97 1.94 0.275 0.45 5.75 0.0461 0.0071
97.06 1.94 0.275 0.45 5.75 0.026 0.0059
112.14 1.94 0.275 0.45 5.75 0.0346 0.011
247.86 1.94 0.275 0.45 5.75 0.0156 0.0073
262.94 1.94 0.275 0.45 5.75 0.0339 0.0067
278.03 1.94 0.275 0.45 5.75 0.0393 0.0052
293.13 1.94 0.275 0.45 5.75 0.0706 0.0077
308.24 1.94 0.275 0.45 5.75 0.0993 0.01
323.37 1.94 0.275 0.45 5.75 0.1604 0.0107
336.22 1.94 0.275 0.45 5.75 0.3264 0.0175
7.49 2.35 0.274 0.11 5.75 0.6703 0.0556
22.51 2.35 0.274 0.11 5.75 0.6117 0.0447
37.42 2.35 0.274 0.11 5.75 0.4804 0.0368
52.31 2.35 0.274 0.11 5.75 0.3692 0.0372
67.29 2.35 0.274 0.11 5.75 0.327 0.0476
82.29 2.35 0.274 0.11 5.75 0.3249 0.0597
97.3 2.35 0.274 0.11 5.75 0.2333 0.054
277.71 2.35 0.274 0.11 5.75 0.294 0.0568
292.71 2.35 0.274 0.11 5.75 0.3755 0.0547
307.69 2.35 0.274 0.11 5.75 0.5039 0.0482
322.58 2.35 0.274 0.11 5.75 0.6222 0.0448
337.49 2.35 0.274 0.11 5.75 0.572 0.0438
352.51 2.35 0.274 0.11 5.75 0.5516 0.0479
7.54 2.35 0.275 0.15 5.75 0.7414 0.046
22.53 2.35 0.275 0.15 5.75 0.7748 0.0412
37.55 2.35 0.275 0.15 5.75 0.6132 0.032
52.38 2.35 0.275 0.15 5.75 0.4426 0.0275
67.17 2.35 0.275 0.15 5.75 0.3317 0.0268
82.19 2.35 0.275 0.15 5.75 0.249 0.0243
97.22 2.35 0.275 0.15 5.75 0.2742 0.0246
112.26 2.35 0.275 0.15 5.75 0.1408 0.0222
247.74 2.35 0.275 0.15 5.75 0.1942 0.0299
262.78 2.35 0.275 0.15 5.75 0.2109 0.021
277.81 2.35 0.275 0.15 5.75 0.2595 0.0234
292.83 2.35 0.275 0.15 5.75 0.2928 0.0256
307.62 2.35 0.275 0.15 5.75 0.5042 0.0316
322.45 2.35 0.275 0.15 5.75 0.5972 0.0315
337.47 2.35 0.275 0.15 5.75 0.7942 0.0391
352.46 2.35 0.275 0.15 5.75 0.7004 0.044
7.61 2.35 0.275 0.2 5.75 1.0196 0.0655
22.79 2.35 0.275 0.2 5.75 0.6189 0.0416
37.67 2.35 0.275 0.2 5.75 0.5767 0.0319
52.38 2.35 0.275 0.2 5.75 0.366 0.0245
67.08 2.35 0.275 0.2 5.75 0.2377 0.0222
82.13 2.35 0.275 0.2 5.75 0.2327 0.021
97.18 2.35 0.275 0.2 5.75 0.1494 0.0143
112.23 2.35 0.275 0.2 5.75 0.1085 0.012
127.29 2.35 0.275 0.2 5.75 0.066 0.0123
142.34 2.35 0.275 0.2 5.75 0.0717 0.0151
157.41 2.35 0.275 0.2 5.75 0.106 0.0163
172.47 2.35 0.275 0.2 5.75 0.059 0.0125
202.59 2.35 0.275 0.2 5.75 0.0854 0.0138
217.66 2.35 0.275 0.2 5.75 0.1009 0.0147
232.71 2.35 0.275 0.2 5.75 0.0919 0.0149
247.77 2.35 0.275 0.2 5.75 0.1121 0.0139
262.82 2.35 0.275 0.2 5.75 0.1702 0.015
277.87 2.35 0.275 0.2 5.75 0.1965 0.0175
292.92 2.35 0.275 0.2 5.75 0.2932 0.0253
307.62 2.35 0.275 0.2 5.75 0.4239 0.03
322.33 2.35 0.275 0.2 5.75 0.5011 0.0299
337.21 2.35 0.275 0.2 5.75 0.8258 0.044
352.39 2.35 0.275 0.2 5.75 0.9405 0.0588
23.32 2.35 0.275 0.26 5.75 0.7787 0.047
37.74 2.35 0.275 0.26 5.75 0.5176 0.0263
52.32 2.35 0.275 0.26 5.75 0.2894 0.0177
67.02 2.35 0.275 0.26 5.75 0.1906 0.0163
82.08 2.35 0.275 0.26 5.75 0.1383 0.0139
97.15 2.35 0.275 0.26 5.75 0.1026 0.01
112.21 2.35 0.275 0.26 5.75 0.0914 0.0092
127.28 2.35 0.275 0.26 5.75 0.077 0.0106
142.34 2.35 0.275 0.26 5.75 0.0595 0.011
157.4 2.35 0.275 0.26 5.75 0.042 0.0084
172.47 2.35 0.275 0.26 5.75 0.0524 0.0104
187.53 2.35 0.275 0.26 5.75 0.0569 0.012
202.6 2.35 0.275 0.26 5.75 0.0572 0.0091
217.66 2.35 0.275 0.26 5.75 0.0597 0.0085
232.72 2.35 0.275 0.26 5.75 0.059 0.009
247.79 2.35 0.275 0.26 5.75 0.0886 0.0106
262.85 2.35 0.275 0.26 5.75 0.0902 0.0093
277.92 2.35 0.275 0.26 5.75 0.1639 0.0136
292.98 2.35 0.275 0.26 5.75 0.1946 0.0169
307.68 2.35 0.275 0.26 5.75 0.3165 0.0217
322.26 2.35 0.275 0.26 5.75 0.4857 0.0257
336.68 2.35 0.275 0.26 5.75 0.7429 0.0401
38.16 2.35 0.275 0.34 5.75 0.349 0.0194
52.21 2.35 0.275 0.34 5.75 0.2235 0.0128
66.95 2.35 0.275 0.34 5.75 0.1259 0.0109
82.04 2.35 0.275 0.34 5.75 0.0863 0.0095
97.12 2.35 0.275 0.34 5.75 0.0603 0.007
112.19 2.35 0.275 0.34 5.75 0.0546 0.0062
127.26 2.35 0.275 0.34 5.75 0.0523 0.0073
142.33 2.35 0.275 0.34 5.75 0.0293 0.007
157.4 2.35 0.275 0.34 5.75 0.0393 0.0078
172.46 2.35 0.275 0.34 5.75 0.0332 0.0081
187.54 2.35 0.275 0.34 5.75 0.029 0.008
202.6 2.35 0.275 0.34 5.75 0.0284 0.0057
217.67 2.35 0.275 0.34 5.75 0.0457 0.0063
232.74 2.35 0.275 0.34 5.75 0.042 0.0064
247.81 2.35 0.275 0.34 5.75 0.0616 0.0079
262.88 2.35 0.275 0.34 5.75 0.0801 0.0081
277.96 2.35 0.275 0.34 5.75 0.0944 0.0087
293.05 2.35 0.275 0.34 5.75 0.108 0.0103
307.79 2.35 0.275 0.34 5.75 0.2196 0.0152
321.84 2.35 0.275 0.34 5.75 0.3556 0.0206
38.8 2.35 0.275 0.45 5.75 0.2577 0.0145
51.96 2.35 0.275 0.45 5.75 0.1416 0.008
66.9 2.35 0.275 0.45 5.75 0.0856 0.0073
82.01 2.35 0.275 0.45 5.75 0.0527 0.006
97.1 2.35 0.275 0.45 5.75 0.036 0.0044
112.18 2.35 0.275 0.45 5.75 0.031 0.0039
127.26 2.35 0.275 0.45 5.75 0.0269 0.0045
142.32 2.35 0.275 0.45 5.75 0.0339 0.0081
157.4 2.35 0.275 0.45 5.75 0.0195 0.0062
172.47 2.35 0.275 0.45 5.75 0.0221 0.0068
187.53 2.35 0.275 0.45 5.75 0.0221 0.0072
202.6 2.35 0.275 0.45 5.75 0.015 0.0041
217.68 2.35 0.275 0.45 5.75 0.0192 0.0037
232.74 2.35 0.275 0.45 5.75 0.025 0.0045
247.82 2.35 0.275 0.45 5.75 0.0257 0.0042
262.9 2.35 0.275 0.45 5.75 0.0374 0.0046
277.99 2.35 0.275 0.45 5.75 0.0388 0.0043
293.1 2.35 0.275 0.45 5.75 0.0877 0.0073
308.04 2.35 0.275 0.45 5.75 0.1421 0.0098
321.2 2.35 0.275 0.45 5.75 0.2365 0.0147
7.48 2.08 0.301 0.12 5.75 0.2349 0.061
22.43 2.08 0.301 0.12 5.75 0.1849 0.048
37.4 2.08 0.301 0.12 5.75 0.2634 0.0533
52.37 2.08 0.301 0.12 5.75 0.2313 0.0606
307.63 2.08 0.301 0.12 5.75 0.2116 0.0713
322.6 2.08 0.301 0.12 5.75 0.2617 0.0576
337.57 2.08 0.301 0.12 5.75 0.2614 0.054
352.52 2.08 0.301 0.12 5.75 0.1914 0.0482
7.45 2.1 0.304 0.15 5.75 0.2314 0.0249
22.37 2.1 0.304 0.15 5.75 0.2462 0.0246
37.3 2.1 0.304 0.15 5.75 0.1792 0.0176
52.26 2.1 0.304 0.15 5.75 0.1731 0.0174
67.24 2.1 0.304 0.15 5.75 0.1519 0.0202
82.24 2.1 0.304 0.15 5.75 0.15 0.035
277.76 2.1 0.304 0.15 5.75 0.1673 0.0366
292.76 2.1 0.304 0.15 5.75 0.1623 0.028
307.74 2.1 0.304 0.15 5.75 0.2026 0.023
322.7 2.1 0.304 0.15 5.75 0.2061 0.0197
337.63 2.1 0.304 0.15 5.75 0.2398 0.0206
352.55 2.1 0.304 0.15 5.75 0.244 0.0235
7.42 2.1 0.304 0.2 5.75 0.2543 0.024
22.29 2.1 0.304 0.2 5.75 0.233 0.0222
37.2 2.1 0.304 0.2 5.75 0.1894 0.0173
52.16 2.1 0.304 0.2 5.75 0.1578 0.0154
67.15 2.1 0.304 0.2 5.75 0.1126 0.0138
82.16 2.1 0.304 0.2 5.75 0.0961 0.015
97.19 2.1 0.304 0.2 5.75 0.0847 0.0164
112.23 2.1 0.304 0.2 5.75 0.0506 0.0134
127.28 2.1 0.304 0.2 5.75 0.0604 0.0173
142.33 2.1 0.304 0.2 5.75 0.0733 0.0271
157.4 2.1 0.304 0.2 5.75 0.0495 0.0263
202.6 2.1 0.304 0.2 5.75 0.0418 0.0193
217.67 2.1 0.304 0.2 5.75 0.0407 0.0157
247.77 2.1 0.304 0.2 5.75 0.0543 0.015
262.81 2.1 0.304 0.2 5.75 0.0705 0.0119
277.84 2.1 0.304 0.2 5.75 0.1021 0.0141
292.85 2.1 0.304 0.2 5.75 0.1143 0.0164
307.84 2.1 0.304 0.2 5.75 0.1836 0.0206
322.8 2.1 0.304 0.2 5.75 0.2078 0.0187
337.71 2.1 0.304 0.2 5.75 0.2582 0.0203
352.58 2.1 0.304 0.2 5.75 0.2415 0.0213
7.38 2.1 0.304 0.26 5.75 0.2584 0.0195
22.19 2.1 0.304 0.26 5.75 0.2298 0.0182
37.09 2.1 0.304 0.26 5.75 0.1533 0.0126
52.06 2.1 0.304 0.26 5.75 0.1554 0.0127
67.07 2.1 0.304 0.26 5.75 0.1008 0.0111
82.11 2.1 0.304 0.26 5.75 0.0831 0.0112
97.15 2.1 0.304 0.26 5.75 0.041 0.0084
112.2 2.1 0.304 0.26 5.75 0.0546 0.0127
127.26 2.1 0.304 0.26 5.75 0.0712 0.0249
247.8 2.1 0.304 0.26 5.75 0.0267 0.0085
262.85 2.1 0.304 0.26 5.75 0.0471 0.008
277.89 2.1 0.304 0.26 5.75 0.0794 0.0101
292.93 2.1 0.304 0.26 5.75 0.0699 0.0107
307.94 2.1 0.304 0.26 5.75 0.1138 0.0132
322.91 2.1 0.304 0.26 5.75 0.1781 0.0138
337.81 2.1 0.304 0.26 5.75 0.2212 0.0148
352.62 2.1 0.304 0.26 5.75 0.2657 0.0171
7.42 2.1 0.304 0.34 5.75 0.2427 0.0162
22.04 2.1 0.304 0.34 5.75 0.1937 0.014
36.94 2.1 0.304 0.34 5.75 0.1446 0.0103
51.95 2.1 0.304 0.34 5.75 0.1047 0.0085
66.99 2.1 0.304 0.34 5.75 0.0733 0.0081
82.05 2.1 0.304 0.34 5.75 0.0463 0.0077
97.11 2.1 0.304 0.34 5.75 0.0354 0.0073
112.18 2.1 0.304 0.34 5.75 0.0385 0.0097
262.89 2.1 0.304 0.34 5.75 0.0256 0.0059
277.95 2.1 0.304 0.34 5.75 0.0478 0.0069
293.01 2.1 0.304 0.34 5.75 0.0554 0.008
308.05 2.1 0.304 0.34 5.75 0.1104 0.0116
323.06 2.1 0.304 0.34 5.75 0.124 0.0099
337.96 2.1 0.304 0.34 5.75 0.2093 0.0124
352.58 2.1 0.304 0.34 5.75 0.2708 0.0149
8.12 2.1 0.305 0.45 5.75 0.285 0.0187
22.33 2.1 0.305 0.45 5.75 0.1667 0.0111
36.75 2.1 0.305 0.45 5.75 0.1034 0.0073
51.83 2.1 0.305 0.45 5.75 0.0772 0.0061
66.91 2.1 0.305 0.45 5.75 0.0498 0.0052
82 2.1 0.305 0.45 5.75 0.0254 0.0046
97.08 2.1 0.305 0.45 5.75 0.0271 0.0068
262.92 2.1 0.305 0.45 5.75 0.0287 0.0061
278 2.1 0.305 0.45 5.75 0.0415 0.0056
293.09 2.1 0.305 0.45 5.75 0.0503 0.0061
308.17 2.1 0.305 0.45 5.75 0.075 0.0075
323.25 2.1 0.305 0.45 5.75 0.1142 0.0081
337.67 2.1 0.305 0.45 5.75 0.1783 0.0097
351.88 2.1 0.305 0.45 5.75 0.2929 0.016
37.4 2.56 0.301 0.12 5.75 0.2299 0.0774
52.37 2.56 0.301 0.12 5.75 0.2731 0.1134
7.48 2.58 0.304 0.15 5.75 0.3752 0.031
22.46 2.58 0.304 0.15 5.75 0.3232 0.027
37.39 2.58 0.304 0.15 5.75 0.3273 0.0246
52.25 2.58 0.304 0.15 5.75 0.2669 0.0255
67.24 2.58 0.304 0.15 5.75 0.2115 0.0332
82.25 2.58 0.304 0.15 5.75 0.1763 0.0463
277.75 2.58 0.304 0.15 5.75 0.2471 0.0582
292.76 2.58 0.304 0.15 5.75 0.2131 0.039
307.75 2.58 0.304 0.15 5.75 0.2501 0.0284
322.61 2.58 0.304 0.15 5.75 0.3465 0.0258
337.54 2.58 0.304 0.15 5.75 0.3893 0.0277
352.52 2.58 0.304 0.15 5.75 0.3879 0.0306
7.52 2.58 0.304 0.2 5.75 0.4533 0.0329
22.49 2.58 0.304 0.2 5.75 0.4004 0.0272
37.48 2.58 0.304 0.2 5.75 0.2841 0.0193
52.19 2.58 0.304 0.2 5.75 0.2525 0.0184
67.14 2.58 0.304 0.2 5.75 0.159 0.0165
82.17 2.58 0.304 0.2 5.75 0.1405 0.0172
97.21 2.58 0.304 0.2 5.75 0.0915 0.0123
112.25 2.58 0.304 0.2 5.75 0.073 0.0121
127.3 2.58 0.304 0.2 5.75 0.1045 0.0156
142.36 2.58 0.304 0.2 5.75 0.0675 0.0125
157.41 2.58 0.304 0.2 5.75 0.0654 0.0102
172.47 2.58 0.304 0.2 5.75 0.0407 0.0085
187.53 2.58 0.304 0.2 5.75 0.0657 0.0124
202.59 2.58 0.304 0.2 5.75 0.0507 0.0084
217.64 2.58 0.304 0.2 5.75 0.0477 0.0085
232.7 2.58 0.304 0.2 5.75 0.0617 0.012
247.75 2.58 0.304 0.2 5.75 0.0737 0.0133
262.79 2.58 0.304 0.2 5.75 0.1112 0.0136
277.83 2.58 0.304 0.2 5.75 0.1236 0.0147
292.86 2.58 0.304 0.2 5.75 0.198 0.0198
307.81 2.58 0.304 0.2 5.75 0.2485 0.0208
322.52 2.58 0.304 0.2 5.75 0.3092 0.0206
337.51 2.58 0.304 0.2 5.75 0.4506 0.0263
352.48 2.58 0.304 0.2 5.75 0.3892 0.0289
7.68 2.58 0.305 0.26 5.75 0.4998 0.0357
22.75 2.58 0.305 0.26 5.75 0.3781 0.0268
37.64 2.58 0.305 0.26 5.75 0.2458 0.0158
52.19 2.58 0.305 0.26 5.75 0.1975 0.0139
67.07 2.58 0.305 0.26 5.75 0.1319 0.0129
82.12 2.58 0.305 0.26 5.75 0.0953 0.0108
97.17 2.58 0.305 0.26 5.75 0.0569 0.0072
112.23 2.58 0.305 0.26 5.75 0.0532 0.0073
127.29 2.58 0.305 0.26 5.75 0.0564 0.01
142.35 2.58 0.305 0.26 5.75 0.0408 0.0079
157.4 2.58 0.305 0.26 5.75 0.0424 0.0069
172.47 2.58 0.305 0.26 5.75 0.0406 0.0071
187.53 2.58 0.305 0.26 5.75 0.0305 0.0067
202.6 2.58 0.305 0.26 5.75 0.0417 0.0065
217.65 2.58 0.305 0.26 5.75 0.0404 0.0067
232.71 2.58 0.305 0.26 5.75 0.0408 0.0081
247.77 2.58 0.305 0.26 5.75 0.0533 0.0087
262.83 2.58 0.305 0.26 5.75 0.0728 0.0078
277.88 2.58 0.305 0.26 5.75 0.0968 0.0096
292.93 2.58 0.305 0.26 5.75 0.1366 0.0133
307.81 2.58 0.305 0.26 5.75 0.2015 0.0162
322.36 2.58 0.305 0.26 5.75 0.2872 0.0177
337.25 2.58 0.305 0.26 5.75 0.4143 0.0232
352.32 2.58 0.305 0.26 5.75 0.6113 0.036
23.49 2.58 0.305 0.34 5.75 0.3463 0.0269
37.77 2.58 0.305 0.34 5.75 0.2622 0.015
52.1 2.58 0.305 0.34 5.75 0.1357 0.0098
66.99 2.58 0.305 0.34 5.75 0.0783 0.0084
82.07 2.58 0.305 0.34 5.75 0.0675 0.0079
97.14 2.58 0.305 0.34 5.75 0.055 0.0062
112.21 2.58 0.305 0.34 5.75 0.0449 0.0056
127.27 2.58 0.305 0.34 5.75 0.0286 0.006
142.34 2.58 0.305 0.34 5.75 0.0204 0.0057
157.4 2.58 0.305 0.34 5.75 0.0276 0.006
172.46 2.58 0.305 0.34 5.75 0.0209 0.0056
187.54 2.58 0.305 0.34 5.75 0.0172 0.0049
202.6 2.58 0.305 0.34 5.75 0.0185 0.0044
217.66 2.58 0.305 0.34 5.75 0.0282 0.0052
232.73 2.58 0.305 0.34 5.75 0.0232 0.0058
247.79 2.58 0.305 0.34 5.75 0.041 0.0064
262.86 2.58 0.305 0.34 5.75 0.0473 0.0056
277.93 2.58 0.305 0.34 5.75 0.0549 0.0063
293.01 2.58 0.305 0.34 5.75 0.1027 0.0103
307.9 2.58 0.305 0.34 5.75 0.1394 0.0118
322.23 2.58 0.305 0.34 5.75 0.2031 0.0136
336.51 2.58 0.305 0.34 5.75 0.3739 0.0228
38.18 2.58 0.305 0.45 5.75 0.1605 0.0101
51.9 2.58 0.305 0.45 5.75 0.0967 0.0064
66.93 2.58 0.305 0.45 5.75 0.0548 0.0056
82.03 2.58 0.305 0.45 5.75 0.0472 0.0057
97.11 2.58 0.305 0.45 5.75 0.0326 0.0041
112.19 2.58 0.305 0.45 5.75 0.0227 0.0032
127.26 2.58 0.305 0.45 5.75 0.0154 0.0038
142.33 2.58 0.305 0.45 5.75 0.0136 0.0041
157.4 2.58 0.305 0.45 5.75 0.0113 0.0038
172.47 2.58 0.305 0.45 5.75 0.0203 0.0055
187.53 2.58 0.305 0.45 5.75 0.0249 0.0065
202.6 2.58 0.305 0.45 5.75 0.0249 0.0058
217.67 2.58 0.305 0.45 5.75 0.0161 0.0039
232.74 2.58 0.305 0.45 5.75 0.0155 0.0042
247.81 2.58 0.305 0.45 5.75 0.0224 0.0041
262.89 2.58 0.305 0.45 5.75 0.0312 0.0039
277.97 2.58 0.305 0.45 5.75 0.0429 0.0047
293.07 2.58 0.305 0.45 5.75 0.0572 0.006
308.1 2.58 0.305 0.45 5.75 0.0986 0.0081
321.82 2.58 0.305 0.45 5.75 0.1474 0.0099
7.47 2.22 0.333 0.16 5.75 0.1705 0.0298
22.42 2.22 0.333 0.16 5.75 0.1755 0.0316
37.37 2.22 0.333 0.16 5.75 0.149 0.0256
52.34 2.22 0.333 0.16 5.75 0.1076 0.0247
307.66 2.22 0.333 0.16 5.75 0.1216 0.0343
322.63 2.22 0.333 0.16 5.75 0.1885 0.0331
337.58 2.22 0.333 0.16 5.75 0.1155 0.02
352.53 2.22 0.333 0.16 5.75 0.1365 0.0235
7.44 2.23 0.335 0.2 5.75 0.1567 0.0179
22.35 2.23 0.335 0.2 5.75 0.1159 0.0162
37.27 2.23 0.335 0.2 5.75 0.1024 0.0124
52.23 2.23 0.335 0.2 5.75 0.1032 0.0121
67.21 2.23 0.335 0.2 5.75 0.088 0.0122
82.22 2.23 0.335 0.2 5.75 0.0375 0.0104
97.23 2.23 0.335 0.2 5.75 0.035 0.0114
112.26 2.23 0.335 0.2 5.75 0.0363 0.0115
127.3 2.23 0.335 0.2 5.75 0.0311 0.0157
247.74 2.23 0.335 0.2 5.75 0.0319 0.0113
262.77 2.23 0.335 0.2 5.75 0.0578 0.0146
292.79 2.23 0.335 0.2 5.75 0.0646 0.0138
307.77 2.23 0.335 0.2 5.75 0.1193 0.0148
322.73 2.23 0.335 0.2 5.75 0.1138 0.0129
337.65 2.23 0.335 0.2 5.75 0.115 0.0125
352.56 2.23 0.335 0.2 5.75 0.138 0.0155
7.41 2.23 0.335 0.26 5.75 0.1386 0.0138
22.26 2.23 0.335 0.26 5.75 0.1244 0.0134
37.17 2.23 0.335 0.26 5.75 0.1003 0.0102
52.13 2.23 0.335 0.26 5.75 0.0927 0.0094
67.13 2.23 0.335 0.26 5.75 0.0442 0.0064
82.15 2.23 0.335 0.26 5.75 0.0592 0.0109
112.23 2.23 0.335 0.26 5.75 0.029 0.0118
127.28 2.23 0.335 0.26 5.75 0.0251 0.013
247.77 2.23 0.335 0.26 5.75 0.0517 0.0167
277.85 2.23 0.335 0.26 5.75 0.0515 0.009
292.87 2.23 0.335 0.26 5.75 0.0914 0.0121
307.87 2.23 0.335 0.26 5.75 0.1111 0.0129
322.83 2.23 0.335 0.26 5.75 0.0987 0.0102
337.74 2.23 0.335 0.26 5.75 0.1337 0.0111
352.59 2.23 0.335 0.26 5.75 0.1516 0.0127
7.35 2.23 0.335 0.34 5.75 0.1472 0.0119
22.13 2.23 0.335 0.34 5.75 0.1317 0.0115
37.04 2.23 0.335 0.34 5.75 0.0784 0.0076
52.02 2.23 0.335 0.34 5.75 0.0631 0.0065
67.04 2.23 0.335 0.34 5.75 0.0515 0.0062
82.08 2.23 0.335 0.34 5.75 0.0405 0.0071
277.92 2.23 0.335 0.34 5.75 0.0392 0.0065
292.96 2.23 0.335 0.34 5.75 0.0596 0.0084
307.98 2.23 0.335 0.34 5.75 0.0697 0.0089
322.96 2.23 0.335 0.34 5.75 0.0895 0.0084
337.87 2.23 0.335 0.34 5.75 0.1336 0.0095
352.65 2.23 0.335 0.34 5.75 0.1451 0.0101
7.4 2.23 0.335 0.45 5.75 0.1367 0.0094
21.94 2.23 0.335 0.45 5.75 0.1001 0.008
36.86 2.23 0.335 0.45 5.75 0.0675 0.0059
51.89 2.23 0.335 0.45 5.75 0.0509 0.0048
66.95 2.23 0.335 0.45 5.75 0.0231 0.0034
82.02 2.23 0.335 0.45 5.75 0.027 0.0054
97.1 2.23 0.335 0.45 5.75 0.016 0.0082
277.98 2.23 0.335 0.45 5.75 0.0203 0.0041
293.05 2.23 0.335 0.45 5.75 0.0381 0.0054
308.11 2.23 0.335 0.45 5.75 0.0561 0.0067
323.14 2.23 0.335 0.45 5.75 0.0648 0.0057
338.06 2.23 0.335 0.45 5.75 0.0849 0.0061
352.6 2.23 0.335 0.45 5.75 0.1266 0.0078
22.42 2.77 0.333 0.16 5.75 0.2397 0.0556
37.37 2.77 0.333 0.16 5.75 0.2072 0.0533
337.58 2.77 0.333 0.16 5.75 0.1969 0.0462
352.53 2.77 0.333 0.16 5.75 0.1336 0.0377
7.5 2.78 0.335 0.2 5.75 0.2191 0.0197
22.42 2.78 0.335 0.2 5.75 0.1642 0.0163
37.29 2.78 0.335 0.2 5.75 0.1781 0.015
52.22 2.78 0.335 0.2 5.75 0.1218 0.0128
67.22 2.78 0.335 0.2 5.75 0.1078 0.0146
82.23 2.78 0.335 0.2 5.75 0.0878 0.0152
97.25 2.78 0.335 0.2 5.75 0.0621 0.0108
112.29 2.78 0.335 0.2 5.75 0.0506 0.0084
127.33 2.78 0.335 0.2 5.75 0.0568 0.0104
142.37 2.78 0.335 0.2 5.75 0.0565 0.0152
157.42 2.78 0.335 0.2 5.75 0.0674 0.0182
172.48 2.78 0.335 0.2 5.75 0.048 0.0166
187.52 2.78 0.335 0.2 5.75 0.0766 0.0255
202.58 2.78 0.335 0.2 5.75 0.0402 0.0115
217.63 2.78 0.335 0.2 5.75 0.0535 0.0127
232.67 2.78 0.335 0.2 5.75 0.0796 0.0148
247.71 2.78 0.335 0.2 5.75 0.0563 0.01
262.75 2.78 0.335 0.2 5.75 0.0688 0.0102
277.77 2.78 0.335 0.2 5.75 0.0958 0.0147
292.78 2.78 0.335 0.2 5.75 0.1318 0.0186
307.78 2.78 0.335 0.2 5.75 0.1475 0.0171
322.71 2.78 0.335 0.2 5.75 0.1478 0.014
337.58 2.78 0.335 0.2 5.75 0.1841 0.0151
352.5 2.78 0.335 0.2 5.75 0.2272 0.0195
7.6 2.78 0.335 0.26 5.75 0.2001 0.016
22.58 2.78 0.335 0.26 5.75 0.2173 0.016
37.36 2.78 0.335 0.26 5.75 0.1552 0.0112
52.11 2.78 0.335 0.26 5.75 0.1303 0.0102
67.13 2.78 0.335 0.26 5.75 0.0834 0.0094
82.16 2.78 0.335 0.26 5.75 0.0731 0.0108
97.2 2.78 0.335 0.26 5.75 0.0595 0.0095
112.25 2.78 0.335 0.26 5.75 0.0407 0.0062
127.3 2.78 0.335 0.26 5.75 0.0274 0.0051
142.36 2.78 0.335 0.26 5.75 0.0315 0.0068
157.41 2.78 0.335 0.26 5.75 0.0243 0.0055
172.47 2.78 0.335 0.26 5.75 0.0246 0.0061
187.53 2.78 0.335 0.26 5.75 0.0241 0.0067
202.59 2.78 0.335 0.26 5.75 0.0295 0.0052
217.64 2.78 0.335 0.26 5.75 0.0396 0.0062
232.7 2.78 0.335 0.26 5.75 0.0363 0.0065
247.75 2.78 0.335 0.26 5.75 0.0428 0.0067
262.8 2.78 0.335 0.26 5.75 0.0518 0.0076
277.84 2.78 0.335 0.26 5.75 0.0515 0.0078
292.87 2.78 0.335 0.26 5.75 0.0794 0.01
307.89 2.78 0.335 0.26 5.75 0.1288 0.012
322.64 2.78 0.335 0.26 5.75 0.1681 0.0118
337.42 2.78 0.335 0.26 5.75 0.2025 0.0132
352.4 2.78 0.335 0.26 5.75 0.2432 0.0167
7.72 2.78 0.335 0.34 5.75 0.3152 0.0216
22.73 2.78 0.335 0.34 5.75 0.2019 0.0152
37.54 2.78 0.335 0.34 5.75 0.1318 0.0093
51.99 2.78 0.335 0.34 5.75 0.1066 0.0082
67.04 2.78 0.335 0.34 5.75 0.0699 0.0075
82.1 2.78 0.335 0.34 5.75 0.053 0.0068
97.16 2.78 0.335 0.34 5.75 0.0351 0.0055
112.22 2.78 0.335 0.34 5.75 0.03 0.005
127.28 2.78 0.335 0.34 5.75 0.0207 0.004
142.35 2.78 0.335 0.34 5.75 0.0142 0.0042
157.41 2.78 0.335 0.34 5.75 0.0217 0.0049
172.47 2.78 0.335 0.34 5.75 0.0169 0.0045
187.53 2.78 0.335 0.34 5.75 0.0092 0.0034
202.59 2.78 0.335 0.34 5.75 0.0188 0.0039
217.65 2.78 0.335 0.34 5.75 0.0222 0.0042
232.72 2.78 0.335 0.34 5.75 0.0273 0.0048
247.78 2.78 0.335 0.34 5.75 0.0306 0.0059
262.84 2.78 0.335 0.34 5.75 0.0353 0.0051
277.9 2.78 0.335 0.34 5.75 0.0561 0.0061
292.96 2.78 0.335 0.34 5.75 0.0589 0.0069
308.01 2.78 0.335 0.34 5.75 0.0883 0.0088
322.46 2.78 0.335 0.34 5.75 0.138 0.0099
337.27 2.78 0.335 0.34 5.75 0.1855 0.0121
352.28 2.78 0.335 0.34 5.75 0.2703 0.018
23.43 2.78 0.335 0.45 5.75 0.1654 0.0139
37.7 2.78 0.335 0.45 5.75 0.0994 0.0069
51.87 2.78 0.335 0.45 5.75 0.0646 0.0051
66.97 2.78 0.335 0.45 5.75 0.0468 0.005
82.05 2.78 0.335 0.45 5.75 0.0243 0.0036
97.13 2.78 0.335 0.45 5.75 0.0215 0.0036
112.2 2.78 0.335 0.45 5.75 0.0149 0.0032
127.27 2.78 0.335 0.45 5.75 0.014 0.0033
142.34 2.78 0.335 0.45 5.75 0.0111 0.0035
157.41 2.78 0.335 0.45 5.75 0.0097 0.0033
172.48 2.78 0.335 0.45 5.75 0.0112 0.0041
187.52 2.78 0.335 0.45 5.75 0.0153 0.0051
202.59 2.78 0.335 0.45 5.75 0.0085 0.0028
217.66 2.78 0.335 0.45 5.75 0.0094 0.0023
232.73 2.78 0.335 0.45 5.75 0.0149 0.0037
247.8 2.78 0.335 0.45 5.75 0.0191 0.0039
262.87 2.78 0.335 0.45 5.75 0.02 0.003
277.95 2.78 0.335 0.45 5.75 0.0257 0.0032
293.03 2.78 0.335 0.45 5.75 0.043 0.005
308.13 2.78 0.335 0.45 5.75 0.0635 0.0061
322.3 2.78 0.335 0.45 5.75 0.1034 0.0073
336.57 2.78 0.335 0.45 5.75 0.1834 0.0119
7.46 2.35 0.365 0.2 5.75 0.0647 0.0123
22.4 2.35 0.365 0.2 5.75 0.0645 0.0132
37.35 2.35 0.365 0.2 5.75 0.0493 0.0102
52.31 2.35 0.365 0.2 5.75 0.0535 0.0105
67.29 2.35 0.365 0.2 5.75 0.0396 0.0103
82.29 2.35 0.365 0.2 5.75 0.0289 0.0092
97.3 2.35 0.365 0.2 5.75 0.0638 0.0214
112.32 2.35 0.365 0.2 5.75 0.0426 0.0262
262.7 2.35 0.365 0.2 5.75 0.0545 0.0221
277.71 2.35 0.365 0.2 5.75 0.0538 0.0175
292.71 2.35 0.365 0.2 5.75 0.0972 0.0221
307.69 2.35 0.365 0.2 5.75 0.0503 0.0118
322.65 2.35 0.365 0.2 5.75 0.0773 0.013
337.6 2.35 0.365 0.2 5.75 0.0627 0.0105
352.54 2.35 0.365 0.2 5.75 0.0791 0.0123
7.44 2.35 0.365 0.26 5.75 0.0751 0.0097
22.32 2.35 0.365 0.26 5.75 0.0539 0.0084
37.24 2.35 0.365 0.26 5.75 0.0597 0.0077
52.2 2.35 0.365 0.26 5.75 0.0488 0.0067
67.19 2.35 0.365 0.26 5.75 0.0422 0.0073
82.2 2.35 0.365 0.26 5.75 0.0322 0.0097
97.22 2.35 0.365 0.26 5.75 0.0383 0.0141
112.26 2.35 0.365 0.26 5.75 0.0406 0.0189
262.78 2.35 0.365 0.26 5.75 0.0439 0.0122
277.8 2.35 0.365 0.26 5.75 0.0417 0.0115
292.81 2.35 0.365 0.26 5.75 0.0371 0.009
307.8 2.35 0.365 0.26 5.75 0.0512 0.0083
322.76 2.35 0.365 0.26 5.75 0.0659 0.0081
337.68 2.35 0.365 0.26 5.75 0.0879 0.0089
352.56 2.35 0.365 0.26 5.75 0.1017 0.0105
7.39 2.35 0.365 0.34 5.75 0.0945 0.0091
22.22 2.35 0.365 0.34 5.75 0.0897 0.0096
37.12 2.35 0.365 0.34 5.75 0.061 0.0071
52.09 2.35 0.365 0.34 5.75 0.0415 0.0052
67.09 2.35 0.365 0.34 5.75 0.0433 0.0058
82.12 2.35 0.365 0.34 5.75 0.0384 0.0095
97.17 2.35 0.365 0.34 5.75 0.022 0.0106
277.88 2.35 0.365 0.34 5.75 0.0278 0.008
292.91 2.35 0.365 0.34 5.75 0.0289 0.0061
307.91 2.35 0.365 0.34 5.75 0.0427 0.0064
322.88 2.35 0.365 0.34 5.75 0.0722 0.0074
337.78 2.35 0.365 0.34 5.75 0.068 0.0066
352.61 2.35 0.365 0.34 5.75 0.0762 0.0069
7.31 2.35 0.365 0.45 5.75 0.08 0.0066
22.05 2.35 0.365 0.45 5.75 0.0637 0.0062
36.96 2.35 0.365 0.45 5.75 0.0497 0.0051
51.96 2.35 0.365 0.45 5.75 0.034 0.0039
67 2.35 0.365 0.45 5.75 0.0208 0.0032
277.95 2.35 0.365 0.45 5.75 0.0175 0.0052
293 2.35 0.365 0.45 5.75 0.014 0.0036
308.04 2.35 0.365 0.45 5.75 0.0376 0.0052
323.04 2.35 0.365 0.45 5.75 0.0541 0.0051
337.95 2.35 0.365 0.45 5.75 0.0703 0.0054
352.69 2.35 0.365 0.45 5.75 0.0787 0.0057
7.46 2.97 0.364 0.2 5.75 0.0971 0.0149
22.4 2.97 0.364 0.2 5.75 0.0833 0.0136
37.35 2.97 0.364 0.2 5.75 0.0628 0.0104
52.32 2.97 0.364 0.2 5.75 0.0704 0.0105
67.31 2.97 0.364 0.2 5.75 0.0751 0.0119
82.31 2.97 0.364 0.2 5.75 0.0664 0.0126
97.32 2.97 0.364 0.2 5.75 0.0468 0.0124
112.34 2.97 0.364 0.2 5.75 0.0538 0.0151
127.37 2.97 0.364 0.2 5.75 0.033 0.0153
247.66 2.97 0.364 0.2 5.75 0.039 0.0122
262.68 2.97 0.364 0.2 5.75 0.0739 0.0138
277.69 2.97 0.364 0.2 5.75 0.0693 0.0135
292.69 2.97 0.364 0.2 5.75 0.0715 0.013
307.68 2.97 0.364 0.2 5.75 0.0799 0.0125
322.65 2.97 0.364 0.2 5.75 0.1113 0.014
337.6 2.97 0.364 0.2 5.75 0.106 0.0135
352.54 2.97 0.364 0.2 5.75 0.1418 0.0169
7.44 2.97 0.365 0.26 5.75 0.1149 0.0112
22.39 2.97 0.365 0.26 5.75 0.104 0.0105
37.23 2.97 0.365 0.26 5.75 0.1053 0.0095
52.19 2.97 0.365 0.26 5.75 0.0695 0.0076
67.19 2.97 0.365 0.26 5.75 0.0732 0.0097
82.21 2.97 0.365 0.26 5.75 0.0395 0.007
97.24 2.97 0.365 0.26 5.75 0.039 0.0065
112.28 2.97 0.365 0.26 5.75 0.0369 0.0055
127.32 2.97 0.365 0.26 5.75 0.0282 0.0053
142.37 2.97 0.365 0.26 5.75 0.0333 0.0093
157.42 2.97 0.365 0.26 5.75 0.0265 0.0105
172.48 2.97 0.365 0.26 5.75 0.03 0.0141
202.58 2.97 0.365 0.26 5.75 0.0243 0.008
232.68 2.97 0.365 0.26 5.75 0.0301 0.0065
247.72 2.97 0.365 0.26 5.75 0.0322 0.0053
262.76 2.97 0.365 0.26 5.75 0.032 0.005
277.79 2.97 0.365 0.26 5.75 0.0527 0.008
292.81 2.97 0.365 0.26 5.75 0.0633 0.0097
307.81 2.97 0.365 0.26 5.75 0.0847 0.0109
322.77 2.97 0.365 0.26 5.75 0.1058 0.0096
337.61 2.97 0.365 0.26 5.75 0.1255 0.01
352.56 2.97 0.365 0.26 5.75 0.1404 0.0117
7.48 2.97 0.365 0.34 5.75 0.1472 0.0116
22.49 2.97 0.365 0.34 5.75 0.1167 0.0097
37.22 2.97 0.365 0.34 5.75 0.0785 0.0069
52.07 2.97 0.365 0.34 5.75 0.06 0.0057
67.1 2.97 0.365 0.34 5.75 0.0427 0.0054
82.14 2.97 0.365 0.34 5.75 0.0398 0.0066
97.19 2.97 0.365 0.34 5.75 0.028 0.0051
112.24 2.97 0.365 0.34 5.75 0.0232 0.0035
127.3 2.97 0.365 0.34 5.75 0.0165 0.0034
142.35 2.97 0.365 0.34 5.75 0.0102 0.0033
157.41 2.97 0.365 0.34 5.75 0.0098 0.0038
172.47 2.97 0.365 0.34 5.75 0.0112 0.0044
187.53 2.97 0.365 0.34 5.75 0.0088 0.004
202.59 2.97 0.365 0.34 5.75 0.0131 0.0035
217.65 2.97 0.365 0.34 5.75 0.0137 0.0033
232.7 2.97 0.365 0.34 5.75 0.0164 0.0037
247.76 2.97 0.365 0.34 5.75 0.014 0.0031
262.81 2.97 0.365 0.34 5.75 0.0243 0.004
277.86 2.97 0.365 0.34 5.75 0.0318 0.0053
292.9 2.97 0.365 0.34 5.75 0.0362 0.0057
307.93 2.97 0.365 0.34 5.75 0.0663 0.0074
322.78 2.97 0.365 0.34 5.75 0.0909 0.0073
337.51 2.97 0.365 0.34 5.75 0.1219 0.0085
352.52 2.97 0.365 0.34 5.75 0.1358 0.0101
7.76 2.97 0.365 0.45 5.75 0.1401 0.0113
22.66 2.97 0.365 0.45 5.75 0.105 0.0086
37.33 2.97 0.365 0.45 5.75 0.0576 0.005
51.94 2.97 0.365 0.45 5.75 0.0462 0.0042
67.01 2.97 0.365 0.45 5.75 0.0288 0.0036
82.08 2.97 0.365 0.45 5.75 0.0162 0.0034
97.15 2.97 0.365 0.45 5.75 0.0184 0.0037
112.22 2.97 0.365 0.45 5.75 0.013 0.0023
127.28 2.97 0.365 0.45 5.75 0.0126 0.0029
157.42 2.97 0.365 0.45 5.75 0.0108 0.0038
172.49 2.97 0.365 0.45 5.75 0.0053 0.0027
187.51 2.97 0.365 0.45 5.75 0.0045 0.0024
202.58 2.97 0.365 0.45 5.75 0.0073 0.0025
217.67 2.97 0.365 0.45 5.75 0.0082 0.0022
232.72 2.97 0.365 0.45 5.75 0.011 0.0029
247.78 2.97 0.365 0.45 5.75 0.0122 0.0026
262.85 2.97 0.365 0.45 5.75 0.0135 0.0027
277.92 2.97 0.365 0.45 5.75 0.0179 0.0029
292.99 2.97 0.365 0.45 5.75 0.0233 0.0035
308.06 2.97 0.365 0.45 5.75 0.0475 0.0051
322.67 2.97 0.365 0.45 5.75 0.065 0.0053
337.34 2.97 0.365 0.45 5.75 0.1181 0.0074
352.24 2.97 0.365 0.45 5.75 0.1786 0.0112
22.44 2.44 0.393 0.21 5.75 0.0358 0.018
37.41 2.44 0.393 0.21 5.75 0.0451 0.0186
52.39 2.44 0.393 0.21 5.75 0.0622 0.0227
307.61 2.44 0.393 0.21 5.75 0.0308 0.0141
322.59 2.44 0.393 0.21 5.75 0.0439 0.017
337.56 2.44 0.393 0.21 5.75 0.0488 0.015
352.52 2.44 0.393 0.21 5.75 0.0671 0.0217
7.46 2.48 0.4 0.26 5.75 0.0479 0.0078
22.38 2.48 0.4 0.26 5.75 0.0454 0.0079
37.32 2.48 0.4 0.26 5.75 0.044 0.0077
52.29 2.48 0.4 0.26 5.75 0.0389 0.0071
67.27 2.48 0.4 0.26 5.75 0.0337 0.0076
262.71 2.48 0.4 0.26 5.75 0.0182 0.0085
277.73 2.48 0.4 0.26 5.75 0.0222 0.0093
292.73 2.48 0.4 0.26 5.75 0.0284 0.0089
307.71 2.48 0.4 0.26 5.75 0.0309 0.0071
322.68 2.48 0.4 0.26 5.75 0.0405 0.0064
337.62 2.48 0.4 0.26 5.75 0.0523 0.0066
352.54 2.48 0.4 0.26 5.75 0.0418 0.006
7.42 2.48 0.399 0.34 5.75 0.0434 0.0054
22.29 2.48 0.399 0.34 5.75 0.0517 0.0063
37.21 2.48 0.399 0.34 5.75 0.0379 0.0049
52.17 2.48 0.399 0.34 5.75 0.0369 0.0047
67.16 2.48 0.399 0.34 5.75 0.0208 0.0043
82.18 2.48 0.399 0.34 5.75 0.0253 0.0083
292.84 2.48 0.399 0.34 5.75 0.0286 0.0072
307.83 2.48 0.399 0.34 5.75 0.031 0.0052
322.79 2.48 0.399 0.34 5.75 0.0504 0.0054
337.71 2.48 0.399 0.34 5.75 0.0536 0.0052
352.58 2.48 0.399 0.34 5.75 0.0542 0.0053
7.37 2.48 0.399 0.45 5.75 0.0425 0.0041
22.16 2.48 0.399 0.45 5.75 0.0353 0.004
37.06 2.48 0.399 0.45 5.75 0.0236 0.003
52.04 2.48 0.399 0.45 5.75 0.0217 0.0027
67.06 2.48 0.399 0.45 5.75 0.0201 0.0033
292.94 2.48 0.399 0.45 5.75 0.0168 0.004
307.96 2.48 0.399 0.45 5.75 0.0212 0.0032
322.94 2.48 0.399 0.45 5.75 0.0277 0.0031
337.84 2.48 0.399 0.45 5.75 0.0387 0.0034
352.63 2.48 0.399 0.45 5.75 0.0414 0.0034
7.48 3.12 0.391 0.21 5.75 0.049 0.0145
22.45 3.12 0.391 0.21 5.75 0.0769 0.0211
37.42 3.12 0.391 0.21 5.75 0.0602 0.0165
52.4 3.12 0.391 0.21 5.75 0.0365 0.0131
67.39 3.12 0.391 0.21 5.75 0.0853 0.0238
82.39 3.12 0.391 0.21 5.75 0.076 0.0282
292.61 3.12 0.391 0.21 5.75 0.0711 0.0247
307.6 3.12 0.391 0.21 5.75 0.0786 0.0211
322.58 3.12 0.391 0.21 5.75 0.064 0.0159
337.55 3.12 0.391 0.21 5.75 0.0651 0.0157
352.52 3.12 0.391 0.21 5.75 0.0836 0.0195
7.46 3.18 0.399 0.26 5.75 0.045 0.0063
22.38 3.18 0.399 0.26 5.75 0.0512 0.007
37.33 3.18 0.399 0.26 5.75 0.0536 0.0066
52.3 3.18 0.399 0.26 5.75 0.0399 0.0053
67.29 3.18 0.399 0.26 5.75 0.0379 0.0051
82.29 3.18 0.399 0.26 5.75 0.033 0.0055
97.31 3.18 0.399 0.26 5.75 0.0334 0.0064
232.63 3.18 0.399 0.26 5.75 0.0316 0.0119
247.66 3.18 0.399 0.26 5.75 0.0291 0.0068
262.69 3.18 0.399 0.26 5.75 0.023 0.0049
277.71 3.18 0.399 0.26 5.75 0.0285 0.0054
292.71 3.18 0.399 0.26 5.75 0.0296 0.0052
307.7 3.18 0.399 0.26 5.75 0.0478 0.0065
322.67 3.18 0.399 0.26 5.75 0.0494 0.006
337.62 3.18 0.399 0.26 5.75 0.0582 0.0063
352.54 3.18 0.399 0.26 5.75 0.0588 0.0068
7.46 3.18 0.4 0.34 5.75 0.0555 0.0056
22.33 3.18 0.4 0.34 5.75 0.0568 0.0059
37.19 3.18 0.4 0.34 5.75 0.0469 0.0048
52.17 3.18 0.4 0.34 5.75 0.0397 0.0043
67.17 3.18 0.4 0.34 5.75 0.0359 0.0044
82.2 3.18 0.4 0.34 5.75 0.02 0.0033
97.23 3.18 0.4 0.34 5.75 0.0219 0.0036
112.27 3.18 0.4 0.34 5.75 0.0125 0.0025
127.32 3.18 0.4 0.34 5.75 0.0149 0.0031
157.43 3.18 0.4 0.34 5.75 0.0161 0.0084
202.57 3.18 0.4 0.34 5.75 0.0197 0.007
217.63 3.18 0.4 0.34 5.75 0.0157 0.0046
232.68 3.18 0.4 0.34 5.75 0.014 0.0039
247.73 3.18 0.4 0.34 5.75 0.0157 0.0027
262.77 3.18 0.4 0.34 5.75 0.0215 0.0029
277.8 3.18 0.4 0.34 5.75 0.023 0.0035
292.83 3.18 0.4 0.34 5.75 0.0316 0.0046
307.83 3.18 0.4 0.34 5.75 0.0436 0.0056
322.81 3.18 0.4 0.34 5.75 0.0512 0.0049
337.67 3.18 0.4 0.34 5.75 0.0618 0.005
352.54 3.18 0.4 0.34 5.75 0.0652 0.0056
7.52 3.18 0.4 0.45 5.75 0.0663 0.0052
22.49 3.18 0.4 0.45 5.75 0.0585 0.0047
37.08 3.18 0.4 0.45 5.75 0.0423 0.0036
52.03 3.18 0.4 0.45 5.75 0.0309 0.0029
67.07 3.18 0.4 0.45 5.75 0.0182 0.0025
82.12 3.18 0.4 0.45 5.75 0.0196 0.003
97.18 3.18 0.4 0.45 5.75 0.0131 0.0023
112.24 3.18 0.4 0.45 5.75 0.0114 0.002
127.29 3.18 0.4 0.45 5.75 0.0098 0.0021
142.34 3.18 0.4 0.45 5.75 0.0095 0.0028
157.41 3.18 0.4 0.45 5.75 0.0042 0.002
172.46 3.18 0.4 0.45 5.75 0.0052 0.0024
202.59 3.18 0.4 0.45 5.75 0.0065 0.0023
232.71 3.18 0.4 0.45 5.75 0.0074 0.002
247.76 3.18 0.4 0.45 5.75 0.0135 0.0024
262.82 3.18 0.4 0.45 5.75 0.0126 0.0019
277.88 3.18 0.4 0.45 5.75 0.0152 0.0024
292.93 3.18 0.4 0.45 5.75 0.0208 0.0032
307.97 3.18 0.4 0.45 5.75 0.0361 0.004
322.92 3.18 0.4 0.45 5.75 0.0436 0.0036
337.51 3.18 0.4 0.45 5.75 0.058 0.0039
352.48 3.18 0.4 0.45 5.75 0.0707 0.0048
7.48 2.81 0.433 0.27 5.75 0.0209 0.0073
22.44 2.81 0.433 0.27 5.75 0.0128 0.0058
37.41 2.81 0.433 0.27 5.75 0.0208 0.008
67.37 2.81 0.433 0.27 5.75 0.0135 0.0069
82.38 2.81 0.433 0.27 5.75 0.0142 0.0086
307.61 2.81 0.433 0.27 5.75 0.0225 0.0087
322.59 2.81 0.433 0.27 5.75 0.0171 0.0066
337.56 2.81 0.433 0.27 5.75 0.0213 0.0063
352.52 2.81 0.433 0.27 5.75 0.0203 0.0065
7.46 2.96 0.449 0.34 5.75 0.0246 0.0034
22.38 2.96 0.449 0.34 5.75 0.019 0.0031
37.33 2.96 0.449 0.34 5.75 0.0158 0.0029
52.3 2.96 0.449 0.34 5.75 0.0156 0.0029
67.29 2.96 0.449 0.34 5.75 0.0113 0.0025
97.32 2.96 0.449 0.34 5.75 0.0097 0.0036
292.71 2.96 0.449 0.34 5.75 0.0161 0.0036
307.7 2.96 0.449 0.34 5.75 0.025 0.0039
322.67 2.96 0.449 0.34 5.75 0.0278 0.0035
337.62 2.96 0.449 0.34 5.75 0.0278 0.0031
7.42 3.05 0.461 0.45 5.75 0.0163 0.0017
22.29 3.05 0.461 0.45 5.75 0.0157 0.0017
37.22 3.05 0.461 0.45 5.75 0.021 0.0021
52.19 3.05 0.461 0.45 5.75 0.0138 0.0016
67.19 3.05 0.461 0.45 5.75 0.0113 0.0018
82.22 3.05 0.461 0.45 5.75 0.005 0.0014
97.25 3.05 0.461 0.45 5.75 0.0046 0.002
262.75 3.05 0.461 0.45 5.75 0.0052 0.0022
277.78 3.05 0.461 0.45 5.75 0.0118 0.0026
292.81 3.05 0.461 0.45 5.75 0.0138 0.0023
307.81 3.05 0.461 0.45 5.75 0.0122 0.0018
322.78 3.05 0.461 0.45 5.75 0.019 0.0018
337.71 3.05 0.461 0.45 5.75 0.018 0.0016
352.58 3.05 0.461 0.45 5.75 0.0184 0.0016
7.48 3.5 0.43 0.28 5.75 0.0321 0.0115
22.44 3.5 0.43 0.28 5.75 0.0146 0.0073
37.41 3.5 0.43 0.28 5.75 0.0176 0.0088
52.39 3.5 0.43 0.28 5.75 0.0204 0.0084
67.38 3.5 0.43 0.28 5.75 0.0235 0.0097
82.38 3.5 0.43 0.28 5.75 0.0329 0.0152
97.39 3.5 0.43 0.28 5.75 0.036 0.0268
292.62 3.5 0.43 0.28 5.75 0.0267 0.0135
307.61 3.5 0.43 0.28 5.75 0.025 0.0113
322.59 3.5 0.43 0.28 5.75 0.0398 0.0123
337.56 3.5 0.43 0.28 5.75 0.0317 0.0102
352.52 3.5 0.43 0.28 5.75 0.0363 0.0111
7.46 3.63 0.451 0.34 5.75 0.0266 0.004
22.38 3.63 0.451 0.34 5.75 0.0344 0.0045
37.33 3.63 0.451 0.34 5.75 0.0242 0.0038
52.31 3.63 0.451 0.34 5.75 0.0191 0.003
67.31 3.63 0.451 0.34 5.75 0.0203 0.0031
82.32 3.63 0.451 0.34 5.75 0.0223 0.0039
97.34 3.63 0.451 0.34 5.75 0.0108 0.0033
247.64 3.63 0.451 0.34 5.75 0.011 0.0044
262.66 3.63 0.451 0.34 5.75 0.0133 0.0036
277.68 3.63 0.451 0.34 5.75 0.0166 0.0038
292.69 3.63 0.451 0.34 5.75 0.0228 0.0042
307.69 3.63 0.451 0.34 5.75 0.0214 0.0034
322.67 3.63 0.451 0.34 5.75 0.0265 0.0035
337.62 3.63 0.451 0.34 5.75 0.0259 0.0033
352.54 3.63 0.451 0.34 5.75 0.0227 0.0034
7.45 3.77 0.475 0.45 5.75 0.0203 0.0021
22.32 3.77 0.475 0.45 5.75 0.0199 0.0021
37.23 3.77 0.475 0.45 5.75 0.0141 0.0017
52.22 3.77 0.475 0.45 5.75 0.0113 0.0013
67.23 3.77 0.475 0.45 5.75 0.0089 0.0011
82.26 3.77 0.475 0.45 5.75 0.0088 0.0012
97.29 3.77 0.475 0.45 5.75 0.0089 0.0015
112.33 3.77 0.475 0.45 5.75 0.0062 0.0014
247.67 3.77 0.475 0.45 5.75 0.0079 0.0016
262.71 3.77 0.475 0.45 5.75 0.0086 0.0013
277.74 3.77 0.475 0.45 5.75 0.0113 0.0015
292.77 3.77 0.475 0.45 5.75 0.0086 0.0013
307.78 3.77 0.475 0.45 5.75 0.0153 0.0018
322.77 3.77 0.475 0.45 5.75 0.0168 0.0017
337.68 3.77 0.475 0.45 5.75 0.0225 0.0018
352.55 3.77 0.475 0.45 5.75 0.0233 0.0019
