5032,33426.56118774414,16521.205,16622.887,0,0
5036,165311.46447753906,81841.234,82190.66,0,0
5038,374215.3537597656,185390.69,185815.4,0,0
5039,96373.2280883789,47925.188,47708.477,0,0
5040,144951.57641601562,71840.49,71965.31,0,0
5041,173078.34631347656,85917.31,85878.91,0,0
5043,136487.24713134766,67764.89,67770.78,0,0
5045,137352.24243164062,68143.06,68186.72,0,0
5046,386027.2727050781,191531.31,191827.61,0,0
5047,16006.876510620117,7991.873,7894.9546,0,0
5051,282311.87353515625,139950.44,140437.42,0,0
5052,33392.28256225586,16566.121,16579.15,0,0
5053,50981.71032714844,25397.926,25218.799,0,0
5116,37420.77700805664,18558.568,18576.367,0,0
5117,386945.7136230469,191896.53,192156.02,0,0
5119,12469.621360778809,6222.3794,6153.573,0,0
5120,76659.48999023438,38044.63,38067.47,0,0
5124,388825.24658203125,192525.2,193398.6,0,0
5125,388969.41796875,192960.95,193145.5,0,0
5126,389010.4431152344,192913.31,193212.67,0,0
5127,70340.33319091797,34829.254,35040.496,0,0
5128,390569.21875,125802.64,125876.17,0,0
5129,164173.48046875,49949.273,49938.848,0,0
5130,389286.3046875,129197.9,129464.4,0,0
5137,8931.573165893555,4406.3413,4455.485,0,0
5138,51431.8017578125,25558.66,25522.135,0,0
5139,137024.56201171875,67918.414,68140.07,0,0
5153,67619.1003112793,33538.26,33585.945,0,0
5158,37431.9951171875,16846.62,16809.2,0,0
5159,238031.7890625,97931.4,98483.68,0,0
5160,305055.90234375,122799.59,123247.67,0,0
5162,78544.50305175781,39003.312,38984.145,0,0
5163,386142.60546875,161546.52,161909.1,0,0
5164,6451.738048553467,3204.2188,3188.6946,0,0
5165,385071.3984375,155262.06,155339.92,0,0
5166,388400.3359375,155787.16,156727.88,0,0
5167,386396.46875,157866.8,158666.2,0,0
5168,195959.51953125,79082.43,79489.23,0,0
5169,391996.7734375,157204.86,157399.02,0,0
5180,214344.1328125,88866.984,88667.9,0,0
5181,396413.8984375,166180.84,165943.92,0,0
5182,73956.8544921875,31255.727,31105.238,0,0
5183,315708.4453125,128794.23,128019.4,0,0
5190,182063.34240722656,90902.37,90159.22,0,0
5191,424421.2058105469,211162.19,210857.38,0,0
5193,151349.24255371094,75324.43,75159.47,0,0
5194,8528.109990119934,4269.211,4243.2607,0,0
5195,76210.5500793457,38037.67,37714.156,0,0
5196,403595.5822753906,201176.89,199971.92,0,0
5197,404998.94091796875,201751.27,200793.02,0,0
5198,402784.38525390625,200293.95,199901.6,0,0
5199,403807.6745605469,200946.84,200360.72,0,0
5200,150746.1548461914,74919.97,74852.3,0,0
5201,79382.88327026367,39484.266,39397.363,0,0
5202,404377.4509277344,201240.9,200563.97,0,0
5203,406389.625,202367.53,201474.7,0,0
5204,392426.33251953125,195320.0,194519.47,0,0
5205,88927.1088256836,44230.133,44144.047,0,0
5206,285019.6124267578,141887.78,141130.95,0,0
5208,326422.0383300781,162357.39,161964.55,0,0
5211,86953.87310791016,43148.457,43242.406,0,0
5212,393038.7326660156,195309.77,195021.3,0,0
5215,379918.90087890625,188987.3,188408.06,0,0
5216,161910.79638671875,80629.87,80180.766,0,0
5219,377651.8488769531,187694.38,187390.28,0,0
5220,342887.7626953125,170674.42,169899.45,0,0
5221,381457.76513671875,189931.61,188991.62,0,0
5222,381381.9172363281,189798.77,188994.75,0,0
5223,133806.85858154297,66478.1,66442.89,0,0
5225,156728.68572998047,78002.89,77777.984,0,0
5229,73169.97207641602,36333.832,36493.2,0,0
5230,377468.0036621094,187637.36,187291.94,0,0
5231,384250.7561035156,190902.42,190783.55,0,0
5232,385038.27294921875,191365.05,191088.03,0,0
5233,381027.7702636719,189769.17,188692.56,0,0
5234,384226.5080566406,191228.4,190456.64,0,0
5235,144554.6206665039,71868.766,71690.63,0,0
5237,153167.67529296875,76217.08,75963.516,0,0
5238,308351.45666503906,153389.86,152972.75,0,0
5239,244847.0771484375,121949.23,121669.55,0,0
5247,403687.0129394531,200399.34,200199.44,0,0
5248,393355.7861328125,195161.77,195586.75,0,0
5249,395346.76171875,196163.92,196535.38,0,0
5250,274310.52392578125,136033.89,136464.61,0,0
5252,253243.39721679688,125369.93,125667.555,0,0
5253,89191.7919921875,44284.098,44335.582,0,0
5257,391403.29541015625,193777.83,195035.5,0,0
5258,391403.7873535156,194048.9,193930.02,0,0
5259,147797.3936767578,73089.016,73412.43,0,0
5261,393075.3576660156,195065.72,195347.75,0,0
5262,183566.56298828125,90862.38,91443.516,0,0
5300,983087.3508300781,489497.6,490853.44,0,0
5301,667536.609375,332262.75,333889.75,0,0
5302,530128.6408691406,263985.94,264864.62,0,0
5303,382135.53076171875,189723.72,189591.38,0,0
5304,368106.9716796875,182463.06,182978.17,0,0
5305,142507.7276611328,70574.4,70896.69,0,0
5306,365801.8918457031,180707.83,181587.4,0,0
5307,43170.87060546875,21364.998,21397.678,0,0
5310,94935.62060546875,47036.18,47173.723,0,0
5311,125637.10125732422,62477.355,62282.016,0,0
5315,88062.23797607422,43864.543,43568.703,0,0
5316,96458.52435302734,47855.742,47872.035,0,0
5317,365451.4052734375,180986.83,181815.02,0,0
5318,365840.0612792969,181676.95,181483.34,0,0
5319,370907.6760253906,183977.53,184192.67,0,0
5320,182363.02770996094,90296.71,90776.96,0,0
5323,65162.601989746094,32251.488,32416.71,0,0
5324,30458.994110107422,15080.524,15153.59,0,0
5325,50616.84686279297,24964.035,25124.816,0,0
5333,89378.88098144531,44431.05,44394.26,0,0
5334,65426.81970214844,32610.406,32470.205,0,0
5335,15362.238487243652,7645.994,7629.7383,0,0
5336,10930.536186218262,5438.3574,5425.299,0,0
5339,86289.89395141602,42997.215,42789.324,0,0
5340,270881.6708984375,134926.89,134338.4,0,0
5341,121365.04327392578,60432.777,60278.445,0,0
5342,114523.78979492188,56851.902,56840.543,0,0
5343,58665.200439453125,29215.312,29056.523,0,0
5344,149068.06219482422,74352.375,74047.99,0,0
5345,374977.8681640625,186713.64,185531.34,0,0
5346,373049.8427734375,185509.28,184983.4,0,0
5347,175124.87951660156,87020.15,86877.44,0,0
5349,237221.2900390625,118072.51,117532.086,0,0
5351,51384.645599365234,25657.074,25366.97,0,0
5354,371512.2458496094,184900.19,184040.31,0,0
5355,166482.1475830078,82865.58,82483.41,0,0
5356,368741.98388671875,182947.42,182877.89,0,0
5357,368282.0681152344,183054.75,182334.64,0,0
5358,373940.7561035156,185727.48,185204.06,0,0
5359,379142.17626953125,188328.67,187736.17,0,0
5360,371261.935546875,184597.78,183753.48,0,0
5361,365533.4401855469,181578.0,181068.62,0,0
5362,27990.09605407715,13837.87,13939.499,0,0
5366,384083.1296386719,190905.69,190178.38,0,0
5367,364588.26171875,180801.4,180478.19,0,0
5368,318809.4953613281,158012.58,157855.88,0,0
5369,100250.97570800781,49667.777,49496.273,0,0
5370,45575.607513427734,22576.777,22547.428,0,0
5371,7247.941345214844,3625.752,3556.1416,0,0
5372,360140.8366699219,178482.86,178237.22,0,0
5373,352887.7639160156,175287.1,174281.97,0,0
5374,373097.31298828125,185138.11,184434.38,0,0
5375,379841.1936035156,187992.48,188105.22,0,0
5376,283624.69140625,140431.88,140503.14,0,0
5377,12587.378814697266,6259.662,6232.8516,0,0
5378,36061.109130859375,17988.082,17761.871,0,0
5379,378626.720703125,187966.22,187083.2,0,0
5380,349385.021484375,173245.75,172881.69,0,0
5381,362926.0246582031,179783.39,179770.23,0,0
5382,371157.5869140625,183651.22,183456.5,0,0
5383,275001.6455078125,136447.84,136051.58,0,0
5386,182439.9658203125,90353.5,90403.29,0,0
5390,25528.000366210938,12743.447,12590.731,0,0
5391,356605.6057128906,177138.0,176383.77,0,0
5392,193466.8448486328,95976.6,95698.33,0,0
5393,354729.33251953125,176216.36,175264.45,0,0
5398,41384.1887512207,20512.025,20471.227,0,0
5400,33140.826171875,16448.734,16374.491,0,0
5401,31147.873291015625,15485.097,15388.314,0,0
5402,36518.66613769531,18125.488,18061.748,0,0
5403,107894.09606933594,53495.14,53351.555,0,0
5404,14518.469833374023,7171.5483,7199.9014,0,0
5406,175335.228515625,86987.26,86777.94,0,0
5407,406670.5417480469,201764.94,201082.6,0,0
5414,126482.16430664062,62060.188,61779.863,0,0
5415,59547.52575683594,29155.918,29234.934,0,0
5416,174425.47827148438,85717.3,85542.055,0,0
5417,178782.0244140625,87786.36,87197.42,0,0
5418,38744.83016872406,19456.092,19273.533,0,0
5419,29926.435987472534,14988.4,14926.615,0,0