5423,113199.75457763672,56257.777,56382.875,0,0
5424,258391.61083984375,128134.36,128049.59,0,0
5425,262933.20458984375,130127.0,130534.03,0,0
5426,68487.38354492188,33922.645,33970.137,0,0
5428,274345.3798828125,135618.81,136487.16,0,0
5429,242424.9364013672,120170.94,120279.16,0,0
5430,261500.94580078125,129583.55,129773.875,0,0
5431,101455.70263671875,50077.594,50537.133,0,0
5432,261248.7900390625,129499.5,129621.76,0,0
5434,259384.07641601562,128545.07,128727.31,0,0
5435,259378.8876953125,128610.34,128636.72,0,0
5436,269245.13720703125,133359.95,133673.95,0,0
5437,108824.85559082031,53964.78,54016.355,0,0
5438,236080.5753173828,117000.43,117263.93,0,0
5439,16105.258987426758,7973.4,8001.5737,0,0
5440,263024.7648925781,130202.336,130612.76,0,0
5441,259086.09326171875,128286.375,128575.19,0,0
5442,259777.73876953125,128766.016,128826.94,0,0
5443,55190.16457748413,27536.41,27620.963,0,0
5444,114325.20196533203,56904.742,57069.25,0,0
5445,261616.47534179688,129507.61,129993.52,0,0
5447,272894.20556640625,135342.38,135355.39,0,0
5448,308477.6015625,152760.78,153203.73,0,0
5449,256423.91455078125,126943.805,127399.69,0,0
5450,18081.49742126465,8926.815,9006.332,0,0
5451,217021.53051757812,107132.49,108096.734,0,0
5452,264010.9895019531,130786.88,131067.93,0,0
5453,219899.7247314453,108959.57,109130.484,0,0
5454,274927.70556640625,136024.02,136661.08,0,0
5455,256192.22192382812,126940.02,127174.766,0,0
5456,329174.3321533203,163708.23,164016.72,0,0
5457,7422.364395141602,3677.257,3728.161,0,0
5460,232761.81701660156,115333.2,115573.62,0,0
5462,8989.706314086914,4469.1978,4473.2246,0,0
5464,286897.048828125,142383.22,142140.25,0,0
5465,105139.38745117188,52038.465,52272.812,0,0
5466,107338.29595947266,53216.03,53277.766,0,0
5467,285550.5378417969,141534.1,141766.58,0,0
5468,261212.04272460938,129492.0,129689.03,0,0
5469,141681.9208984375,70093.31,70405.164,0,0
5470,95460.00799560547,47260.793,47416.273,0,0
5471,216089.2862548828,107005.68,107288.41,0,0
5472,167564.1629638672,83112.88,83064.69,0,0
5473,73785.42407226562,36602.223,36613.996,0,0
5474,263027.2927246094,130245.266,130618.71,0,0
5475,262687.2424316406,130077.85,130453.93,0,0
5476,131647.37658691406,65166.492,65407.965,0,0
5478,263127.94384765625,130498.28,130487.125,0,0
5479,264245.1481933594,131363.12,130756.234,0,0
5480,134233.58520507812,66787.734,66315.88,0,0
5481,268698.59619140625,133643.23,132860.92,0,0
5482,262603.76953125,130313.16,130171.25,0,0
5483,282377.15283203125,140161.86,139964.08,0,0
5485,264406.44384765625,131288.69,131010.45,0,0
5486,264527.65087890625,131266.11,131097.17,0,0
5487,199605.95874023438,99252.234,98747.984,0,0
5495,49656.854919433594,24534.975,24717.701,0,0
5496,2773.8012619018555,1387.1144,1356.2092,0,0
5497,279579.27001953125,138780.83,138538.02,0,0
5498,122568.39587402344,60745.93,60810.207,0,0
5499,262003.69262695312,130042.64,129848.94,0,0
5500,281184.8210449219,139630.39,139291.12,0,0
5504,19159.74772644043,9532.83,9475.715,0,0
5505,139890.2557373047,69323.26,69153.67,0,0
5507,243976.39086914062,120836.48,120343.94,0,0
5516,252676.14916992188,124456.93,125263.02,0,0
5517,258629.40112304688,127054.8,127645.9,0,0
5518,115331.90954589844,56728.31,56966.863,0,0
5519,250479.0361328125,123750.12,123941.9,0,0
5520,251018.88256835938,124150.67,124010.47,0,0
5521,68573.43963623047,33810.793,34005.156,0,0
5522,165914.828125,81977.69,82121.7,0,0
5523,252526.23413085938,124676.3,125009.04,0,0
5524,159816.169921875,78973.195,79011.94,0,0
5525,265420.525390625,126631.45,126799.29,0,0
5526,252847.447265625,120231.6,120184.23,0,0
5527,269848.7978515625,128480.63,128539.17,0,0
5528,262500.46484375,124847.45,125073.0,0,0
5530,252796.15869140625,124950.44,124954.375,0,0
5532,251432.34399414062,124480.8,124140.75,0,0
5533,248665.16723632812,122751.59,123126.02,0,0
5534,248327.49462890625,122601.266,123066.57,0,0
5535,274208.7648925781,135352.7,135798.25,0,0
5536,211146.7236328125,104268.88,104517.57,0,0
5537,258713.79321289062,127807.664,128058.95,0,0
5538,270084.9240722656,133469.45,133573.88,0,0
5540,260509.66528320312,128898.44,128661.49,0,0
5541,225775.8154296875,111570.86,111690.01,0,0
5542,11879.430923461914,5850.153,5908.8804,0,0
5543,278884.4020996094,137563.62,138157.83,0,0
5544,276921.65380859375,136609.3,137176.19,0,0
5545,71528.92126464844,35449.17,35262.105,0,0
5546,15923.935516357422,7911.209,7860.947,0,0
5547,252113.55737304688,124498.516,124795.29,0,0
5548,280253.9421386719,138487.64,138587.69,0,0
5549,271713.7824707031,134125.56,134497.4,0,0
5550,252439.99389648438,124673.54,124909.56,0,0
5551,253356.68017578125,125258.6,125215.41,0,0
5552,256718.60375976562,126638.83,127118.445,0,0
5554,250387.19384765625,123929.586,123578.555,0,0
5555,254830.08862304688,125727.4,126183.3,0,0
5556,283142.4860839844,140042.02,139849.19,0,0
5557,269764.1105957031,133354.34,133325.52,0,0
5558,255711.287109375,126377.96,126437.87,0,0
5559,214456.45288085938,105859.34,106159.9,0,0
5561,118633.63537597656,58723.43,58573.81,0,0
5562,7908.306838989258,3906.1753,3909.9045,0,0
5564,39735.34130859375,7127.059,7100.788,0,0
5565,6220.4686279296875,724.9526,722.4477,0,0
5566,72110.5595703125,13177.606,13241.543,0,0
5567,68731.09765625,14928.422,14899.359,0,0
5569,276432.2756347656,136444.52,136847.58,0,0
5570,263978.396484375,130305.32,130639.94,0,0
5571,139036.2879638672,68697.64,68774.12,0,0
5572,98380.72302246094,48625.223,48657.285,0,0
5573,285938.1950683594,141244.8,141410.88,0,0
5574,248660.05444335938,122988.56,122839.03,0,0
5577,251323.38598632812,124137.23,124289.63,0,0
5578,168832.21948242188,83476.305,83422.195,0,0
5586,59939.56709289551,29994.932,29792.57,0,0
5589,647726.7839355469,322743.94,323118.0,0,0
5590,238653.8699951172,119159.586,118769.8,0,0
5591,279695.0612792969,138159.7,138375.34,0,0
5592,115485.63586425781,57254.88,57001.285,0,0
5594,14204.24600982666,6995.788,7082.873,0,0
5595,81144.46240234375,40083.645,40001.727,0,0
5597,94576.86157226562,46893.043,46968.35,0,0
5598,104683.47094726562,51814.3,51744.355,0,0
5600,5233.359844207764,2599.8489,2572.6323,0,0
5601,206424.9208984375,101903.805,102337.13,0,0
5602,254075.6650390625,125477.19,125717.96,0,0
5603,254965.67016601562,125958.086,126041.625,0,0
5604,17070.68963623047,8400.817,8458.934,0,0
5606,260579.54370117188,128880.25,128640.66,0,0
5607,56366.691650390625,27928.121,27795.268,0,0
5610,18112.981369018555,8935.462,8960.68,0,0
5611,251762.32568359375,124329.484,124607.08,0,0
5612,278518.93603515625,137320.12,138093.81,0,0
5613,267423.09326171875,132044.12,132416.23,0,0
5614,205002.15673828125,101143.91,101646.336,0,0
5615,258421.30346679688,127545.84,128109.92,0,0
5616,264407.33349609375,130539.97,130837.59,0,0
5617,6608.973838806152,3234.7834,3290.0261,0,0
5618,35879.13772583008,17630.314,17890.893,0,0
5619,155289.58764648438,76709.79,76808.72,0,0
5620,16660.311096191406,8222.432,8298.455,0,0
5621,42948.32238769531,21207.213,21239.455,0,0
5623,43168.4938659668,21346.463,21369.97,0,0
5624,253974.70922851562,125484.76,125649.2,0,0
5625,253178.30712890625,124945.45,125325.32,0,0
5626,254174.61279296875,125432.56,125891.37,0,0
5627,17504.285522460938,8636.256,8668.488,0,0
5628,268288.5388183594,132550.23,132748.73,0,0
5629,203110.68823242188,100556.36,100250.04,0,0
5630,266282.9013671875,131700.23,131572.03,0,0
5631,251821.67431640625,124278.33,124671.83,0,0
5632,260649.43823242188,128724.47,128948.85,0,0
5633,65463.95544433594,32399.02,32323.232,0,0
5635,261834.30297851562,129328.16,129532.67,0,0
5637,156348.0869140625,77315.0,77238.87,0,0
5638,230266.638671875,113864.57,113821.56,0,0
5639,221310.62768554688,109558.56,109238.664,0,0
5641,251852.18725585938,124532.266,124506.98,0,0
5643,72855.18298339844,36022.83,36052.793,0,0
5644,129366.89733886719,64077.984,63864.535,0,0
5645,87468.65686035156,43240.543,43249.09,0,0
5646,268602.99169921875,132610.97,133028.92,0,0
5647,266341.0446777344,131652.2,131711.9,0,0
5648,253123.46459960938,125150.37,125115.555,0,0
5649,253552.95678710938,125467.5,125273.42,0,0
5650,19663.849395751953,9713.2705,9741.08,0,0
5651,119210.45361328125,58770.36,59052.41,0,0
5652,39105.833435058594,19213.203,19446.992,0,0
5654,257131.673828125,126909.34,127283.89,0,0
5655,254541.03295898438,125876.766,125784.88,0,0
5656,153392.98388671875,75839.91,75837.89,0,0
5662,222048.28295898438,109688.23,109831.96,0,0
5663,253289.96337890625,125211.14,125225.75,0,0
5664,264114.9089355469,130216.15,130943.36,0,0
5665,13244.004135131836,6541.707,6544.179,0,0
5666,280786.7565917969,138643.66,138993.31,0,0
