# phi(deg) q2(GeV2) xb t(GeV2) Eb(GeV) A sigA
68.33 1.11 0.126 0.11 5.75 3.0622 0.6597
82.35 1.11 0.126 0.11 5.75 1.1243 0.3432
97.13 1.11 0.126 0.11 5.75 0.5615 0.2493
112.2 1.11 0.126 0.11 5.75 0.3814 0.2585
127.27 1.11 0.126 0.11 5.75 0.2531 0.2196
142.33 1.11 0.126 0.11 5.75 0.4094 0.1713
157.4 1.11 0.126 0.11 5.75 -0.0751 0.1785
172.47 1.11 0.126 0.11 5.75 0.1641 0.2104
187.53 1.11 0.126 0.11 5.75 0.4801 0.2039
202.6 1.11 0.126 0.11 5.75 0.0966 0.1682
217.67 1.11 0.126 0.11 5.75 -0.1492 0.1983
232.73 1.11 0.126 0.11 5.75 -0.2495 0.2317
247.8 1.11 0.126 0.11 5.75 -0.729 0.2167
262.87 1.11 0.126 0.11 5.75 -1.0084 0.2309
277.65 1.11 0.126 0.11 5.75 -0.5518 0.3556
291.67 1.11 0.126 0.11 5.75 0.0447 0.6867
68.12 1.11 0.126 0.15 5.75 0.6795 0.49
82.03 1.11 0.126 0.15 5.75 0.4964 0.243
97.11 1.11 0.126 0.15 5.75 0.3561 0.1853
112.18 1.11 0.126 0.15 5.75 0.4436 0.1634
127.26 1.11 0.126 0.15 5.75 0.4021 0.1392
142.33 1.11 0.126 0.15 5.75 0.1102 0.1136
157.4 1.11 0.126 0.15 5.75 0.0618 0.1126
172.47 1.11 0.126 0.15 5.75 -0.1299 0.129
187.53 1.11 0.126 0.15 5.75 -0.1661 0.1213
202.6 1.11 0.126 0.15 5.75 -0.0407 0.1076
217.67 1.11 0.126 0.15 5.75 0.0087 0.1092
232.74 1.11 0.126 0.15 5.75 -0.6118 0.1467
247.82 1.11 0.126 0.15 5.75 -0.3149 0.1507
262.89 1.11 0.126 0.15 5.75 -0.6995 0.168
277.97 1.11 0.126 0.15 5.75 -0.3979 0.2665
291.88 1.11 0.126 0.15 5.75 -0.7879 0.4529
67.53 1.11 0.126 0.2 5.75 0.0955 0.4002
82 1.11 0.126 0.2 5.75 0.3196 0.2349
97.09 1.11 0.126 0.2 5.75 0.2186 0.1567
112.17 1.11 0.126 0.2 5.75 0.3685 0.133
127.25 1.11 0.126 0.2 5.75 -0.0554 0.1103
142.32 1.11 0.126 0.2 5.75 -0.0924 0.0859
157.39 1.11 0.126 0.2 5.75 0.1245 0.0897
172.46 1.11 0.126 0.2 5.75 -0.0205 0.0957
187.54 1.11 0.126 0.2 5.75 0.069 0.1049
202.61 1.11 0.126 0.2 5.75 0.0325 0.073
217.68 1.11 0.126 0.2 5.75 -0.0739 0.0806
232.75 1.11 0.126 0.2 5.75 -0.1547 0.1136
247.83 1.11 0.126 0.2 5.75 -0.305 0.1177
262.91 1.11 0.126 0.2 5.75 -0.2539 0.1478
278 1.11 0.126 0.2 5.75 -0.2264 0.1888
292.47 1.11 0.126 0.2 5.75 -0.4884 0.3466
55.41 1.11 0.126 0.26 5.75 -0.3133 0.3491
66.94 1.11 0.126 0.26 5.75 0.2681 0.2543
81.98 1.11 0.126 0.26 5.75 0.3277 0.1323
97.08 1.11 0.126 0.26 5.75 0.2141 0.0862
112.16 1.11 0.126 0.26 5.75 0.1313 0.0806
127.24 1.11 0.126 0.26 5.75 0.1391 0.0728
142.32 1.11 0.126 0.26 5.75 -0.0291 0.0575
157.39 1.11 0.126 0.26 5.75 -0.0456 0.0563
172.46 1.11 0.126 0.26 5.75 0.031 0.0631
187.54 1.11 0.126 0.26 5.75 -0.0203 0.0594
202.61 1.11 0.126 0.26 5.75 0.07 0.0499
217.68 1.11 0.126 0.26 5.75 -0.0831 0.053
232.76 1.11 0.126 0.26 5.75 -0.0613 0.0704
247.84 1.11 0.126 0.26 5.75 -0.0682 0.0759
262.92 1.11 0.126 0.26 5.75 -0.1136 0.0914
278.02 1.11 0.126 0.26 5.75 -0.3923 0.1218
293.06 1.11 0.126 0.26 5.75 -0.678 0.2033
304.59 1.11 0.126 0.26 5.75 -0.2823 0.3896
53.26 1.11 0.126 0.34 5.75 0.3173 0.1659
66.86 1.11 0.126 0.34 5.75 -0.1677 0.1288
81.98 1.11 0.126 0.34 5.75 0.2205 0.0913
97.07 1.11 0.126 0.34 5.75 0.1035 0.0572
112.16 1.11 0.126 0.34 5.75 0.0046 0.0462
127.24 1.11 0.126 0.34 5.75 0.068 0.0567
142.31 1.11 0.126 0.34 5.75 0.0332 0.0419
157.39 1.11 0.126 0.34 5.75 -0.0364 0.0352
172.46 1.11 0.126 0.34 5.75 0.0205 0.0402
187.54 1.11 0.126 0.34 5.75 -0.0086 0.0464
202.61 1.11 0.126 0.34 5.75 0.0133 0.0412
217.69 1.11 0.126 0.34 5.75 -0.0266 0.0332
232.76 1.11 0.126 0.34 5.75 0.0251 0.0445
247.84 1.11 0.126 0.34 5.75 0.0187 0.0527
262.93 1.11 0.126 0.34 5.75 0.0194 0.0625
278.02 1.11 0.126 0.34 5.75 -0.2629 0.0741
293.14 1.11 0.126 0.34 5.75 -0.1336 0.1279
306.74 1.11 0.126 0.34 5.75 -0.1828 0.1564
41.56 1.11 0.126 0.45 5.75 -0.0584 0.1025
51.83 1.11 0.126 0.45 5.75 0.0532 0.076
66.87 1.11 0.126 0.45 5.75 0.021 0.0691
81.97 1.11 0.126 0.45 5.75 -0.014 0.0463
97.06 1.11 0.126 0.45 5.75 -0.0063 0.0309
112.15 1.11 0.126 0.45 5.75 0.0045 0.0307
127.23 1.11 0.126 0.45 5.75 -0.0048 0.0303
142.31 1.11 0.126 0.45 5.75 0.0349 0.0268
157.39 1.11 0.126 0.45 5.75 0.0188 0.0244
172.46 1.11 0.126 0.45 5.75 0.0159 0.0239
187.54 1.11 0.126 0.45 5.75 0.0596 0.0276
202.61 1.11 0.126 0.45 5.75 -0.0175 0.0219
217.69 1.11 0.126 0.45 5.75 0.0281 0.0223
232.77 1.11 0.126 0.45 5.75 0.038 0.0278
247.85 1.11 0.126 0.45 5.75 -0.0522 0.0319
262.94 1.11 0.126 0.45 5.75 -0.0297 0.0313
278.03 1.11 0.126 0.45 5.75 0.0035 0.0381
293.13 1.11 0.126 0.45 5.75 -0.1219 0.0606
308.17 1.11 0.126 0.45 5.75 -0.0311 0.0933
39.49 1.27 0.154 0.11 5.75 0.6136 0.584
52.77 1.27 0.154 0.11 5.75 -0.2003 0.3362
67.03 1.27 0.154 0.11 5.75 1.0187 0.265
82.09 1.27 0.154 0.11 5.75 0.2989 0.1773
97.15 1.27 0.154 0.11 5.75 0.4529 0.1609
112.2 1.27 0.154 0.11 5.75 0.2859 0.1773
127.26 1.27 0.154 0.11 5.75 0.2137 0.1684
142.33 1.27 0.154 0.11 5.75 0.0438 0.1338
157.4 1.27 0.154 0.11 5.75 0.1445 0.1242
172.46 1.27 0.154 0.11 5.75 -0.0095 0.161
187.54 1.27 0.154 0.11 5.75 0.0071 0.1433
202.6 1.27 0.154 0.11 5.75 -0.255 0.122
217.67 1.27 0.154 0.11 5.75 -0.1194 0.1373
232.74 1.27 0.154 0.11 5.75 -0.3177 0.1602
247.8 1.27 0.154 0.11 5.75 -0.3354 0.1423
262.85 1.27 0.154 0.11 5.75 -0.8246 0.1545
277.91 1.27 0.154 0.11 5.75 -0.6145 0.204
292.97 1.27 0.154 0.11 5.75 -1.0558 0.2506
307.23 1.27 0.154 0.11 5.75 -1.1316 0.2828
320.51 1.27 0.154 0.11 5.75 -0.4972 0.453
53.18 1.27 0.154 0.15 5.75 0.6562 0.2747
66.96 1.27 0.154 0.15 5.75 0.1757 0.2049
82.04 1.27 0.154 0.15 5.75 0.3523 0.1269
97.11 1.27 0.154 0.15 5.75 0.3083 0.1019
112.18 1.27 0.154 0.15 5.75 0.2897 0.0908
127.25 1.27 0.154 0.15 5.75 -0.0083 0.1093
142.32 1.27 0.154 0.15 5.75 -0.0247 0.0829
157.39 1.27 0.154 0.15 5.75 0.1295 0.0711
172.46 1.27 0.154 0.15 5.75 0.1119 0.089
187.54 1.27 0.154 0.15 5.75 0.0298 0.0963
202.61 1.27 0.154 0.15 5.75 -0.0671 0.0733
217.68 1.27 0.154 0.15 5.75 -0.1124 0.0868
232.75 1.27 0.154 0.15 5.75 -0.0644 0.0988
247.82 1.27 0.154 0.15 5.75 -0.2293 0.097
262.89 1.27 0.154 0.15 5.75 -0.1922 0.0952
277.96 1.27 0.154 0.15 5.75 -0.3415 0.1232
293.04 1.27 0.154 0.15 5.75 -0.7854 0.2036
306.82 1.27 0.154 0.15 5.75 -0.7397 0.2671
53.03 1.27 0.154 0.2 5.75 0.1342 0.2412
66.9 1.27 0.154 0.2 5.75 0.192 0.1721
82 1.27 0.154 0.2 5.75 0.215 0.1084
97.09 1.27 0.154 0.2 5.75 0.102 0.0839
112.17 1.27 0.154 0.2 5.75 0.1522 0.0751
127.24 1.27 0.154 0.2 5.75 -0.1058 0.0842
142.31 1.27 0.154 0.2 5.75 0.0661 0.0594
157.39 1.27 0.154 0.2 5.75 0.1039 0.0608
172.46 1.27 0.154 0.2 5.75 -0.0298 0.057
187.54 1.27 0.154 0.2 5.75 -0.0932 0.0682
202.61 1.27 0.154 0.2 5.75 -0.1267 0.0717
217.69 1.27 0.154 0.2 5.75 -0.1734 0.0669
232.76 1.27 0.154 0.2 5.75 -0.0696 0.0668
247.83 1.27 0.154 0.2 5.75 -0.2586 0.0779
262.91 1.27 0.154 0.2 5.75 -0.3202 0.0839
278 1.27 0.154 0.2 5.75 -0.2044 0.105
293.1 1.27 0.154 0.2 5.75 -0.18 0.1638
306.97 1.27 0.154 0.2 5.75 -0.3764 0.2308
52.39 1.27 0.154 0.26 5.75 0.1265 0.1481
66.86 1.27 0.154 0.26 5.75 0.0322 0.1123
81.97 1.27 0.154 0.26 5.75 0.1901 0.0738
97.07 1.27 0.154 0.26 5.75 0.0602 0.0537
112.15 1.27 0.154 0.26 5.75 0.1391 0.0523
127.23 1.27 0.154 0.26 5.75 0.1033 0.0496
142.31 1.27 0.154 0.26 5.75 0.052 0.0518
157.39 1.27 0.154 0.26 5.75 0.0292 0.0344
172.46 1.27 0.154 0.26 5.75 -0.0451 0.0409
187.54 1.27 0.154 0.26 5.75 0.0896 0.0592
202.61 1.27 0.154 0.26 5.75 0.0855 0.0402
217.69 1.27 0.154 0.26 5.75 -0.0531 0.0409
232.77 1.27 0.154 0.26 5.75 -0.0231 0.0445
247.85 1.27 0.154 0.26 5.75 -0.0415 0.0561
262.93 1.27 0.154 0.26 5.75 -0.1626 0.0502
278.03 1.27 0.154 0.26 5.75 -0.1809 0.0774
293.14 1.27 0.154 0.26 5.75 -0.2784 0.1062
307.61 1.27 0.154 0.26 5.75 -0.2108 0.1851
51.8 1.27 0.154 0.34 5.75 -0.0464 0.0907
66.83 1.27 0.154 0.34 5.75 0.2319 0.0744
81.95 1.27 0.154 0.34 5.75 0.1396 0.0452
97.05 1.27 0.154 0.34 5.75 0.0905 0.0377
112.14 1.27 0.154 0.34 5.75 0.0765 0.0314
127.23 1.27 0.154 0.34 5.75 0.0702 0.0384
142.31 1.27 0.154 0.34 5.75 -0.0494 0.0254
157.38 1.27 0.154 0.34 5.75 0.0007 0.0265
172.46 1.27 0.154 0.34 5.75 0.0132 0.0221
187.54 1.27 0.154 0.34 5.75 0.0418 0.0294
202.62 1.27 0.154 0.34 5.75 0.0133 0.029
217.69 1.27 0.154 0.34 5.75 -0.045 0.0283
232.77 1.27 0.154 0.34 5.75 -0.0862 0.0284
247.86 1.27 0.154 0.34 5.75 -0.0674 0.041
262.95 1.27 0.154 0.34 5.75 -0.0581 0.039
278.05 1.27 0.154 0.34 5.75 -0.0811 0.0438
293.17 1.27 0.154 0.34 5.75 -0.1601 0.0668
308.2 1.27 0.154 0.34 5.75 -0.1373 0.113
41.09 1.27 0.154 0.45 5.75 0.1494 0.1164
51.65 1.27 0.154 0.45 5.75 0.0628 0.0476
66.81 1.27 0.154 0.45 5.75 0.0383 0.0399
81.93 1.27 0.154 0.45 5.75 0.0567 0.03
97.04 1.27 0.154 0.45 5.75 -0.0074 0.0214
112.13 1.27 0.154 0.45 5.75 -0.0014 0.0194
127.22 1.27 0.154 0.45 5.75 -0.0006 0.0165
142.3 1.27 0.154 0.45 5.75 0.0148 0.0219
157.38 1.27 0.154 0.45 5.75 -0.014 0.0192
172.46 1.27 0.154 0.45 5.75 -0.0148 0.0182
187.54 1.27 0.154 0.45 5.75 -0.0007 0.0218
202.62 1.27 0.154 0.45 5.75 0.0184 0.0225
217.7 1.27 0.154 0.45 5.75 -0.0104 0.019
232.78 1.27 0.154 0.45 5.75 -0.0255 0.0201
247.87 1.27 0.154 0.45 5.75 -0.0384 0.0266
262.96 1.27 0.154 0.45 5.75 -0.0263 0.0222
278.07 1.27 0.154 0.45 5.75 -0.0582 0.0236
293.19 1.27 0.154 0.45 5.75 -0.0477 0.0406
308.35 1.27 0.154 0.45 5.75 -0.0526 0.062
318.91 1.27 0.154 0.45 5.75 -0.2229 0.1072
68.41 1.39 0.155 0.11 5.75 0.3301 0.3406
82.12 1.39 0.155 0.11 5.75 1.1023 0.2058
97.15 1.39 0.155 0.11 5.75 0.3994 0.1851
112.22 1.39 0.155 0.11 5.75 0.2436 0.1974
127.28 1.39 0.155 0.11 5.75 0.1845 0.1777
142.34 1.39 0.155 0.11 5.75 0.2856 0.148
157.4 1.39 0.155 0.11 5.75 -0.0111 0.1316
172.47 1.39 0.155 0.11 5.75 0.1497 0.1544
187.53 1.39 0.155 0.11 5.75 -0.2069 0.1491
202.6 1.39 0.155 0.11 5.75 -0.0095 0.1375
217.66 1.39 0.155 0.11 5.75 -0.3624 0.1652
232.72 1.39 0.155 0.11 5.75 -0.116 0.187
247.78 1.39 0.155 0.11 5.75 -0.2182 0.1514
262.85 1.39 0.155 0.11 5.75 -0.847 0.186
277.88 1.39 0.155 0.11 5.75 -0.7745 0.2069
291.59 1.39 0.155 0.11 5.75 -0.8951 0.3306
68.06 1.39 0.155 0.15 5.75 0.4206 0.2193
82.05 1.39 0.155 0.15 5.75 0.2613 0.1298
97.13 1.39 0.155 0.15 5.75 0.3798 0.1187
112.2 1.39 0.155 0.15 5.75 0.1055 0.1235
127.27 1.39 0.155 0.15 5.75 0.1102 0.1092
142.33 1.39 0.155 0.15 5.75 0.209 0.079
157.4 1.39 0.155 0.15 5.75 0.0257 0.0849
172.47 1.39 0.155 0.15 5.75 0.0896 0.0977
187.53 1.39 0.155 0.15 5.75 -0.0216 0.1094
202.6 1.39 0.155 0.15 5.75 -0.1042 0.0866
217.67 1.39 0.155 0.15 5.75 -0.0516 0.0923
232.73 1.39 0.155 0.15 5.75 -0.1693 0.1195
247.8 1.39 0.155 0.15 5.75 -0.2114 0.1069
262.87 1.39 0.155 0.15 5.75 -0.4092 0.1064
277.95 1.39 0.155 0.15 5.75 -0.3039 0.1455
291.94 1.39 0.155 0.15 5.75 -0.4517 0.2099
67.32 1.39 0.155 0.2 5.75 0.2645 0.1698
82.02 1.39 0.155 0.2 5.75 0.2797 0.1092
97.11 1.39 0.155 0.2 5.75 0.1424 0.0932
112.19 1.39 0.155 0.2 5.75 0.146 0.0801
127.26 1.39 0.155 0.2 5.75 0.0659 0.0795
142.33 1.39 0.155 0.2 5.75 0.2152 0.0666
157.4 1.39 0.155 0.2 5.75 0.0396 0.058
172.47 1.39 0.155 0.2 5.75 0.1611 0.0705
187.53 1.39 0.155 0.2 5.75 -0.0012 0.0625
202.6 1.39 0.155 0.2 5.75 0.1007 0.059
217.67 1.39 0.155 0.2 5.75 0.0164 0.0705
232.74 1.39 0.155 0.2 5.75 0.019 0.0898
247.81 1.39 0.155 0.2 5.75 -0.0901 0.086
262.89 1.39 0.155 0.2 5.75 -0.2744 0.0943
277.98 1.39 0.155 0.2 5.75 -0.3839 0.1048
292.68 1.39 0.155 0.2 5.75 -0.3888 0.1733
66.92 1.39 0.155 0.26 5.75 0.3559 0.1198
82 1.39 0.155 0.26 5.75 0.0598 0.0783
97.09 1.39 0.155 0.26 5.75 -0.0337 0.0482
112.18 1.39 0.155 0.26 5.75 0.0459 0.0544
127.25 1.39 0.155 0.26 5.75 0.0242 0.0507
142.32 1.39 0.155 0.26 5.75 0.0508 0.044
157.39 1.39 0.155 0.26 5.75 -0.0129 0.0397
172.46 1.39 0.155 0.26 5.75 -0.0375 0.0439
187.54 1.39 0.155 0.26 5.75 0.0665 0.0424
202.61 1.39 0.155 0.26 5.75 -0.0795 0.0442
217.68 1.39 0.155 0.26 5.75 -0.0817 0.0367
232.75 1.39 0.155 0.26 5.75 -0.0802 0.051
247.82 1.39 0.155 0.26 5.75 -0.0818 0.0476
262.91 1.39 0.155 0.26 5.75 -0.1878 0.0598
278 1.39 0.155 0.26 5.75 -0.0735 0.0737
293.08 1.39 0.155 0.26 5.75 -0.2878 0.1112
54.08 1.39 0.155 0.34 5.75 0.2125 0.1032
66.88 1.39 0.155 0.34 5.75 0.0025 0.075
81.99 1.39 0.155 0.34 5.75 0.042 0.0513
97.08 1.39 0.155 0.34 5.75 0.0665 0.0384
112.17 1.39 0.155 0.34 5.75 -0.002 0.0388
127.25 1.39 0.155 0.34 5.75 -0.0581 0.0363
142.32 1.39 0.155 0.34 5.75 0.0654 0.0319
157.39 1.39 0.155 0.34 5.75 -0.0355 0.0287
172.46 1.39 0.155 0.34 5.75 -0.0175 0.031
187.54 1.39 0.155 0.34 5.75 -0.0767 0.034
202.61 1.39 0.155 0.34 5.75 0.036 0.0318
217.68 1.39 0.155 0.34 5.75 -0.0047 0.0275
232.75 1.39 0.155 0.34 5.75 -0.0093 0.0343
247.83 1.39 0.155 0.34 5.75 -0.0807 0.0355
262.92 1.39 0.155 0.34 5.75 -0.001 0.0373
278.01 1.39 0.155 0.34 5.75 -0.1002 0.0459
293.12 1.39 0.155 0.34 5.75 -0.1415 0.0658
305.92 1.39 0.155 0.34 5.75 -0.1748 0.1185
51.97 1.39 0.155 0.45 5.75 0.1602 0.0508
66.88 1.39 0.155 0.45 5.75 0.1271 0.0404
81.98 1.39 0.155 0.45 5.75 0.0544 0.0274
97.08 1.39 0.155 0.45 5.75 0.015 0.0219
112.16 1.39 0.155 0.45 5.75 0.0027 0.0199
127.24 1.39 0.155 0.45 5.75 0.0277 0.0213
142.32 1.39 0.155 0.45 5.75 0.0302 0.021
157.39 1.39 0.155 0.45 5.75 -0.0272 0.0196
172.46 1.39 0.155 0.45 5.75 -0.0238 0.0197
187.54 1.39 0.155 0.45 5.75 -0.0179 0.0212
202.61 1.39 0.155 0.45 5.75 0.0121 0.0177
217.68 1.39 0.155 0.45 5.75 -0.0437 0.0175
232.76 1.39 0.155 0.45 5.75 -0.0009 0.0186
247.84 1.39 0.155 0.45 5.75 -0.0101 0.0244
262.92 1.39 0.155 0.45 5.75 -0.083 0.023
278.02 1.39 0.155 0.45 5.75 -0.023 0.0266
293.12 1.39 0.155 0.45 5.75 -0.0403 0.0395
308.03 1.39 0.155 0.45 5.75 -0.0458 0.0577
7.85 1.45 0.184 0.11 5.75 0.2861 0.2929
22.93 1.45 0.184 0.11 5.75 -0.003 0.223
37.42 1.45 0.184 0.11 5.75 0.5258 0.1671
52.08 1.45 0.184 0.11 5.75 0.2291 0.1664
67.09 1.45 0.184 0.11 5.75 0.4215 0.186
82.13 1.45 0.184 0.11 5.75 0.306 0.1226
97.17 1.45 0.184 0.11 5.75 0.2315 0.1087
112.21 1.45 0.184 0.11 5.75 0.1643 0.1007
127.27 1.45 0.184 0.11 5.75 -0.0636 0.118
142.33 1.45 0.184 0.11 5.75 0.1641 0.0758
157.39 1.45 0.184 0.11 5.75 0.0132 0.0686
172.46 1.45 0.184 0.11 5.75 -0.0465 0.0784
187.54 1.45 0.184 0.11 5.75 -0.0194 0.0853
202.61 1.45 0.184 0.11 5.75 -0.226 0.0634
217.67 1.45 0.184 0.11 5.75 -0.1079 0.0762
232.73 1.45 0.184 0.11 5.75 -0.161 0.0982
247.79 1.45 0.184 0.11 5.75 -0.169 0.091
262.83 1.45 0.184 0.11 5.75 -0.1783 0.1005
277.87 1.45 0.184 0.11 5.75 -0.3056 0.1222
292.91 1.45 0.184 0.11 5.75 -0.4388 0.1818
307.92 1.45 0.184 0.11 5.75 -0.6542 0.171
322.58 1.45 0.184 0.11 5.75 -0.5561 0.1748
337.07 1.45 0.184 0.11 5.75 -0.1777 0.2153
352.15 1.45 0.184 0.11 5.75 -0.4935 0.3337
24.27 1.45 0.184 0.15 5.75 1.124 0.3322
38 1.45 0.184 0.15 5.75 0.3774 0.1435
51.97 1.45 0.184 0.15 5.75 0.3593 0.1194
67.01 1.45 0.184 0.15 5.75 0.2036 0.1104
82.07 1.45 0.184 0.15 5.75 0.2527 0.0835
97.13 1.45 0.184 0.15 5.75 0.2243 0.0664
112.19 1.45 0.184 0.15 5.75 0.2843 0.0672
127.25 1.45 0.184 0.15 5.75 0.1482 0.0615
142.32 1.45 0.184 0.15 5.75 0.1132 0.0482
157.39 1.45 0.184 0.15 5.75 0.0134 0.0513
172.46 1.45 0.184 0.15 5.75 -0.0411 0.0474
187.54 1.45 0.184 0.15 5.75 0.0516 0.0579
202.61 1.45 0.184 0.15 5.75 -0.1527 0.056
217.68 1.45 0.184 0.15 5.75 -0.0089 0.0529
232.75 1.45 0.184 0.15 5.75 -0.0514 0.0726
247.81 1.45 0.184 0.15 5.75 -0.2364 0.069
262.87 1.45 0.184 0.15 5.75 -0.1579 0.0739
277.93 1.45 0.184 0.15 5.75 -0.1624 0.0837
292.99 1.45 0.184 0.15 5.75 -0.4937 0.1167
308.03 1.45 0.184 0.15 5.75 -0.3205 0.1181
322 1.45 0.184 0.15 5.75 -0.6483 0.1429
335.73 1.45 0.184 0.15 5.75 -0.4844 0.2599
38.92 1.45 0.184 0.2 5.75 0.6161 0.164
51.87 1.45 0.184 0.2 5.75 0.3214 0.0984
66.95 1.45 0.184 0.2 5.75 0.2632 0.0828
82.03 1.45 0.184 0.2 5.75 0.2359 0.0632
97.1 1.45 0.184 0.2 5.75 0.2332 0.055
112.17 1.45 0.184 0.2 5.75 0.0305 0.051
127.24 1.45 0.184 0.2 5.75 0.031 0.0521
142.31 1.45 0.184 0.2 5.75 0.0731 0.0465
157.39 1.45 0.184 0.2 5.75 0.0322 0.0421
172.46 1.45 0.184 0.2 5.75 0.0044 0.0444
187.54 1.45 0.184 0.2 5.75 0.0064 0.0415
202.61 1.45 0.184 0.2 5.75 -0.0479 0.0364
217.69 1.45 0.184 0.2 5.75 -0.0238 0.0397
232.76 1.45 0.184 0.2 5.75 0.037 0.0526
247.83 1.45 0.184 0.2 5.75 -0.057 0.0472
262.9 1.45 0.184 0.2 5.75 -0.1833 0.048
277.97 1.45 0.184 0.2 5.75 -0.2385 0.0629
293.05 1.45 0.184 0.2 5.75 -0.2757 0.0878
308.13 1.45 0.184 0.2 5.75 -0.1967 0.1174
321.08 1.45 0.184 0.2 5.75 -0.2673 0.1634
39.83 1.45 0.184 0.26 5.75 0.2052 0.151
51.77 1.45 0.184 0.26 5.75 0.1798 0.0702
66.89 1.45 0.184 0.26 5.75 0.1436 0.0587
81.99 1.45 0.184 0.26 5.75 0.1383 0.0483
97.08 1.45 0.184 0.26 5.75 0.0316 0.0347
112.16 1.45 0.184 0.26 5.75 0.0932 0.0311
127.23 1.45 0.184 0.26 5.75 0.0099 0.0377
142.31 1.45 0.184 0.26 5.75 -0.0131 0.0245
157.38 1.45 0.184 0.26 5.75 0.0433 0.0279
172.46 1.45 0.184 0.26 5.75 0.0329 0.0268
187.54 1.45 0.184 0.26 5.75 0.036 0.0314
202.62 1.45 0.184 0.26 5.75 -0.0138 0.0251
217.69 1.45 0.184 0.26 5.75 -0.1056 0.0285
232.77 1.45 0.184 0.26 5.75 -0.0566 0.0367
247.84 1.45 0.184 0.26 5.75 -0.0263 0.0385
262.92 1.45 0.184 0.26 5.75 -0.0889 0.0318
278.01 1.45 0.184 0.26 5.75 -0.0714 0.0407
293.11 1.45 0.184 0.26 5.75 -0.1526 0.0597
308.23 1.45 0.184 0.26 5.75 -0.1872 0.0836
320.17 1.45 0.184 0.26 5.75 -0.253 0.1286
40.41 1.45 0.184 0.34 5.75 0.3711 0.1124
51.69 1.45 0.184 0.34 5.75 0.229 0.0445
66.84 1.45 0.184 0.34 5.75 0.0456 0.0377
81.96 1.45 0.184 0.34 5.75 0.0701 0.0254
97.05 1.45 0.184 0.34 5.75 0.0827 0.0261
112.14 1.45 0.184 0.34 5.75 0.051 0.0243
127.22 1.45 0.184 0.34 5.75 0.0413 0.0239
142.3 1.45 0.184 0.34 5.75 -0.0049 0.0234
157.38 1.45 0.184 0.34 5.75 -0.0101 0.0234
172.46 1.45 0.184 0.34 5.75 0.0289 0.0258
187.54 1.45 0.184 0.34 5.75 -0.0267 0.0265
202.62 1.45 0.184 0.34 5.75 -0.0131 0.0195
217.7 1.45 0.184 0.34 5.75 -0.0678 0.0209
232.78 1.45 0.184 0.34 5.75 0.0136 0.017
247.86 1.45 0.184 0.34 5.75 -0.032 0.0269
262.95 1.45 0.184 0.34 5.75 -0.0467 0.0229
278.04 1.45 0.184 0.34 5.75 -0.0251 0.0263
293.16 1.45 0.184 0.34 5.75 -0.1135 0.0411
308.31 1.45 0.184 0.34 5.75 -0.017 0.0638
319.59 1.45 0.184 0.34 5.75 -0.2298 0.1024
39.69 1.45 0.184 0.45 5.75 0.2447 0.0593
51.64 1.45 0.184 0.45 5.75 0.078 0.0291
66.8 1.45 0.184 0.45 5.75 0.069 0.0258
81.93 1.45 0.184 0.45 5.75 0.0644 0.0221
97.04 1.45 0.184 0.45 5.75 0.013 0.0167
112.13 1.45 0.184 0.45 5.75 0.0039 0.0142
127.22 1.45 0.184 0.45 5.75 0.018 0.015
142.3 1.45 0.184 0.45 5.75 0.0259 0.0245
157.38 1.45 0.184 0.45 5.75 0.0269 0.0281
172.46 1.45 0.184 0.45 5.75 0.0024 0.0268
232.78 1.45 0.184 0.45 5.75 -0.0376 0.0151
247.87 1.45 0.184 0.45 5.75 0.0008 0.0148
262.96 1.45 0.184 0.45 5.75 -0.0012 0.0148
278.07 1.45 0.184 0.45 5.75 -0.032 0.0171
293.2 1.45 0.184 0.45 5.75 -0.0141 0.0218
308.36 1.45 0.184 0.45 5.75 -0.0524 0.0377
320.31 1.45 0.184 0.45 5.75 -0.2537 0.0534
53.14 1.62 0.185 0.11 5.75 0.6332 0.2464
67.5 1.62 0.185 0.11 5.75 0.2964 0.1762
82.13 1.62 0.185 0.11 5.75 0.491 0.1287
97.18 1.62 0.185 0.11 5.75 0.2597 0.1032
112.23 1.62 0.185 0.11 5.75 0.2698 0.1159
127.28 1.62 0.185 0.11 5.75 0.1745 0.1037
142.34 1.62 0.185 0.11 5.75 0.1909 0.082
157.4 1.62 0.185 0.11 5.75 0.1576 0.0715
172.47 1.62 0.185 0.11 5.75 -0.1183 0.0892
187.53 1.62 0.185 0.11 5.75 -0.054 0.0808
202.6 1.62 0.185 0.11 5.75 -0.0406 0.0724
217.66 1.62 0.185 0.11 5.75 -0.0806 0.081
232.72 1.62 0.185 0.11 5.75 -0.1125 0.1001
247.77 1.62 0.185 0.11 5.75 -0.1816 0.0884
262.82 1.62 0.185 0.11 5.75 -0.2942 0.1022
277.87 1.62 0.185 0.11 5.75 -0.2777 0.1338
292.5 1.62 0.185 0.11 5.75 -0.4845 0.1754
306.86 1.62 0.185 0.11 5.75 -0.2356 0.2057
53.57 1.63 0.185 0.15 5.75 0.3407 0.1531
67.33 1.63 0.185 0.15 5.75 0.1929 0.1054
82.07 1.63 0.185 0.15 5.75 0.2772 0.0848
97.14 1.63 0.185 0.15 5.75 0.1812 0.0739
112.21 1.63 0.185 0.15 5.75 0.2837 0.0695
127.27 1.63 0.185 0.15 5.75 0.0873 0.0688
142.33 1.63 0.185 0.15 5.75 0.0945 0.049
157.4 1.63 0.185 0.15 5.75 0.0714 0.0483
172.47 1.63 0.185 0.15 5.75 0.0617 0.0567
187.53 1.63 0.185 0.15 5.75 0.0003 0.0564
202.6 1.63 0.185 0.15 5.75 -0.0347 0.0489
217.67 1.63 0.185 0.15 5.75 -0.1087 0.0561
232.73 1.63 0.185 0.15 5.75 -0.0994 0.0635
247.79 1.63 0.185 0.15 5.75 -0.1766 0.0758
262.86 1.63 0.185 0.15 5.75 -0.1037 0.0645
277.93 1.63 0.185 0.15 5.75 -0.1502 0.0767
292.67 1.63 0.185 0.15 5.75 -0.3623 0.1124
306.43 1.63 0.185 0.15 5.75 -0.4212 0.1467
54.03 1.63 0.185 0.2 5.75 0.4572 0.1311
67.05 1.63 0.185 0.2 5.75 0.2306 0.0805
82.04 1.63 0.185 0.2 5.75 0.1525 0.0654
97.12 1.63 0.185 0.2 5.75 0.136 0.0524
112.19 1.63 0.185 0.2 5.75 0.1083 0.0465
127.26 1.63 0.185 0.2 5.75 -0.0134 0.0485
142.33 1.63 0.185 0.2 5.75 -0.0083 0.0412
157.4 1.63 0.185 0.2 5.75 0.0008 0.0314
172.47 1.63 0.185 0.2 5.75 0.0531 0.0365
187.53 1.63 0.185 0.2 5.75 0.0374 0.0424
202.6 1.63 0.185 0.2 5.75 -0.0173 0.0373
217.67 1.63 0.185 0.2 5.75 -0.0095 0.04
232.74 1.63 0.185 0.2 5.75 -0.0076 0.0519
247.81 1.63 0.185 0.2 5.75 -0.1507 0.0581
262.88 1.63 0.185 0.2 5.75 -0.0735 0.0518
277.96 1.63 0.185 0.2 5.75 -0.1693 0.0629
292.95 1.63 0.185 0.2 5.75 -0.1302 0.0896
305.97 1.63 0.185 0.2 5.75 -0.344 0.1189
53.76 1.63 0.185 0.26 5.75 0.3045 0.0846
66.9 1.63 0.185 0.26 5.75 0.1466 0.0606
82.01 1.63 0.185 0.26 5.75 0.0936 0.0442
97.1 1.63 0.185 0.26 5.75 0.1679 0.0332
112.18 1.63 0.185 0.26 5.75 0.0516 0.0308
127.25 1.63 0.185 0.26 5.75 0.0409 0.0349
142.32 1.63 0.185 0.26 5.75 -0.0055 0.0283
157.4 1.63 0.185 0.26 5.75 0.0245 0.0267
172.47 1.63 0.185 0.26 5.75 0.0132 0.0279
187.53 1.63 0.185 0.26 5.75 0.0571 0.0267
202.6 1.63 0.185 0.26 5.75 -0.0418 0.0289
217.68 1.63 0.185 0.26 5.75 0.0047 0.0253
232.75 1.63 0.185 0.26 5.75 -0.0178 0.0321
247.82 1.63 0.185 0.26 5.75 -0.0027 0.0331
262.9 1.63 0.185 0.26 5.75 -0.0836 0.0341
277.99 1.63 0.185 0.26 5.75 -0.0967 0.0365
293.1 1.63 0.185 0.26 5.75 -0.0797 0.0564
306.24 1.63 0.185 0.26 5.75 -0.2284 0.0855
53.05 1.63 0.185 0.34 5.75 0.0725 0.0517
66.88 1.63 0.185 0.34 5.75 0.0691 0.0342
81.99 1.63 0.185 0.34 5.75 0.0411 0.0309
97.09 1.63 0.185 0.34 5.75 0.0509 0.0239
112.17 1.63 0.185 0.34 5.75 -0.0186 0.0185
127.25 1.63 0.185 0.34 5.75 0.0354 0.0224
142.32 1.63 0.185 0.34 5.75 0.0332 0.0159
157.39 1.63 0.185 0.34 5.75 0.0095 0.0171
172.46 1.63 0.185 0.34 5.75 0.0375 0.019
187.54 1.63 0.185 0.34 5.75 0.0097 0.0183
202.61 1.63 0.185 0.34 5.75 -0.0424 0.0168
217.68 1.63 0.185 0.34 5.75 -0.0397 0.0164
232.75 1.63 0.185 0.34 5.75 -0.0104 0.0209
247.83 1.63 0.185 0.34 5.75 -0.0352 0.0242
262.91 1.63 0.185 0.34 5.75 -0.0412 0.0205
278.01 1.63 0.185 0.34 5.75 -0.1186 0.0277
293.12 1.63 0.185 0.34 5.75 -0.0622 0.0401
306.95 1.63 0.185 0.34 5.75 -0.1207 0.0525
51.94 1.63 0.185 0.45 5.75 0.0589 0.0257
66.86 1.63 0.185 0.45 5.75 0.0635 0.0247
81.98 1.63 0.185 0.45 5.75 0.0104 0.018
97.08 1.63 0.185 0.45 5.75 0.0253 0.0151
112.16 1.63 0.185 0.45 5.75 0.0064 0.0111
127.24 1.63 0.185 0.45 5.75 0.0178 0.014
142.32 1.63 0.185 0.45 5.75 -0.0046 0.0122
157.39 1.63 0.185 0.45 5.75 -0.0042 0.0096
172.47 1.63 0.185 0.45 5.75 0.0005 0.0114
187.53 1.63 0.185 0.45 5.75 -0.0036 0.0134
202.61 1.63 0.185 0.45 5.75 -0.0029 0.0116
217.68 1.63 0.185 0.45 5.75 -0.0048 0.0103
232.76 1.63 0.185 0.45 5.75 -0.0198 0.0105
247.84 1.63 0.185 0.45 5.75 0.0041 0.0154
262.92 1.63 0.185 0.45 5.75 -0.025 0.0121
278.02 1.63 0.185 0.45 5.75 -0.0606 0.0163
293.14 1.63 0.185 0.45 5.75 -0.0636 0.0231
308.06 1.63 0.185 0.45 5.75 -0.061 0.032
7.48 1.64 0.214 0.11 5.75 -0.0113 0.1388
22.34 1.64 0.214 0.11 5.75 0.1744 0.1064
37.19 1.64 0.214 0.11 5.75 -0.0076 0.0908
52.16 1.64 0.214 0.11 5.75 0.3157 0.0938
67.15 1.64 0.214 0.11 5.75 0.2236 0.0881
82.16 1.64 0.214 0.11 5.75 0.2176 0.0695
97.19 1.64 0.214 0.11 5.75 0.1923 0.058
112.23 1.64 0.214 0.11 5.75 0.0658 0.0521
127.27 1.64 0.214 0.11 5.75 0.1421 0.0756
142.33 1.64 0.214 0.11 5.75 0.1201 0.0504
157.39 1.64 0.214 0.11 5.75 0.0063 0.0441
172.46 1.64 0.214 0.11 5.75 -0.0057 0.048
187.54 1.64 0.214 0.11 5.75 -0.0857 0.0592
202.61 1.64 0.214 0.11 5.75 -0.0678 0.041
217.67 1.64 0.214 0.11 5.75 -0.0448 0.053
232.73 1.64 0.214 0.11 5.75 -0.0624 0.0654
247.77 1.64 0.214 0.11 5.75 -0.0765 0.0526
262.81 1.64 0.214 0.11 5.75 -0.1284 0.0587
277.84 1.64 0.214 0.11 5.75 -0.1167 0.0685
292.85 1.64 0.214 0.11 5.75 -0.1028 0.0935
307.84 1.64 0.214 0.11 5.75 -0.5196 0.1016
322.81 1.64 0.214 0.11 5.75 -0.2769 0.0999
337.66 1.64 0.214 0.11 5.75 -0.4225 0.1152
352.52 1.64 0.214 0.11 5.75 -0.0413 0.1355
7.71 1.64 0.214 0.15 5.75 -0.068 0.1244
22.63 1.64 0.214 0.15 5.75 0.2299 0.0879
37.13 1.64 0.214 0.15 5.75 0.2317 0.0667
52.04 1.64 0.214 0.15 5.75 0.2038 0.0625
67.07 1.64 0.214 0.15 5.75 0.1397 0.0641
82.1 1.64 0.214 0.15 5.75 0.2186 0.0591
97.15 1.64 0.214 0.15 5.75 0.0637 0.0427
112.2 1.64 0.214 0.15 5.75 0.0714 0.0366
127.26 1.64 0.214 0.15 5.75 0.0876 0.0382
142.32 1.64 0.214 0.15 5.75 0.0062 0.0356
157.39 1.64 0.214 0.15 5.75 0.0041 0.0329
172.46 1.64 0.214 0.15 5.75 0.0095 0.0281
187.54 1.64 0.214 0.15 5.75 0.0008 0.0336
202.61 1.64 0.214 0.15 5.75 -0.0465 0.0283
217.68 1.64 0.214 0.15 5.75 -0.0201 0.0277
232.74 1.64 0.214 0.15 5.75 -0.0667 0.0407
247.8 1.64 0.214 0.15 5.75 -0.0144 0.04
262.85 1.64 0.214 0.15 5.75 -0.0871 0.0386
277.9 1.64 0.214 0.15 5.75 -0.1791 0.0491
292.93 1.64 0.214 0.15 5.75 -0.1057 0.0699
307.96 1.64 0.214 0.15 5.75 -0.1784 0.0724
322.87 1.64 0.214 0.15 5.75 -0.2416 0.0699
337.37 1.64 0.214 0.15 5.75 -0.2574 0.086
352.29 1.64 0.214 0.15 5.75 -0.0927 0.1241
8.26 1.64 0.214 0.2 5.75 -0.1385 0.2007
23.48 1.64 0.214 0.2 5.75 0.185 0.1113
37.27 1.64 0.214 0.2 5.75 0.1832 0.0626
51.94 1.64 0.214 0.2 5.75 0.0916 0.0528
66.99 1.64 0.214 0.2 5.75 -0.0161 0.0501
82.05 1.64 0.214 0.2 5.75 0.0949 0.0442
97.12 1.64 0.214 0.2 5.75 0.0135 0.0321
112.18 1.64 0.214 0.2 5.75 0.0738 0.0295
127.25 1.64 0.214 0.2 5.75 0.0191 0.0293
142.32 1.64 0.214 0.2 5.75 0.0079 0.03
157.39 1.64 0.214 0.2 5.75 0.0001 0.0222
172.46 1.64 0.214 0.2 5.75 0.0124 0.0309
187.54 1.64 0.214 0.2 5.75 0.0162 0.0287
202.61 1.64 0.214 0.2 5.75 0.0036 0.0256
217.68 1.64 0.214 0.2 5.75 -0.0272 0.0221
232.75 1.64 0.214 0.2 5.75 -0.0073 0.0368
247.82 1.64 0.214 0.2 5.75 -0.0097 0.0318
262.88 1.64 0.214 0.2 5.75 -0.0662 0.0302
277.95 1.64 0.214 0.2 5.75 -0.1101 0.0383
293.01 1.64 0.214 0.2 5.75 -0.0853 0.0532
308.06 1.64 0.214 0.2 5.75 -0.1217 0.0629
322.73 1.64 0.214 0.2 5.75 -0.2256 0.0664
336.52 1.64 0.214 0.2 5.75 -0.0529 0.1029
351.74 1.64 0.214 0.2 5.75 -0.2864 0.2071
25.19 1.64 0.214 0.26 5.75 0.2719 0.1556
37.58 1.64 0.214 0.26 5.75 0.1472 0.0517
51.84 1.64 0.214 0.26 5.75 0.1266 0.037
66.93 1.64 0.214 0.26 5.75 0.0469 0.0337
82.01 1.64 0.214 0.26 5.75 0.0845 0.0286
97.09 1.64 0.214 0.26 5.75 0.0531 0.0229
112.16 1.64 0.214 0.26 5.75 0.045 0.0208
127.24 1.64 0.214 0.26 5.75 0.0347 0.0201
142.31 1.64 0.214 0.26 5.75 0.0348 0.0203
157.39 1.64 0.214 0.26 5.75 0.0047 0.0183
172.46 1.64 0.214 0.26 5.75 0.0102 0.0216
187.54 1.64 0.214 0.26 5.75 -0.0003 0.0279
202.61 1.64 0.214 0.26 5.75 -0.0215 0.017
217.69 1.64 0.214 0.26 5.75 -0.0218 0.0207
232.76 1.64 0.214 0.26 5.75 0.0072 0.0186
247.84 1.64 0.214 0.26 5.75 -0.0273 0.0231
262.91 1.64 0.214 0.26 5.75 -0.042 0.0212
277.99 1.64 0.214 0.26 5.75 -0.1089 0.023
293.07 1.64 0.214 0.26 5.75 -0.0599 0.0352
308.16 1.64 0.214 0.26 5.75 -0.0533 0.0431
322.42 1.64 0.214 0.26 5.75 -0.131 0.0498
334.81 1.64 0.214 0.26 5.75 -0.2528 0.1148
37.97 1.64 0.214 0.34 5.75 0.131 0.0405
51.74 1.64 0.214 0.34 5.75 0.0189 0.0259
66.87 1.64 0.214 0.34 5.75 0.0553 0.0232
81.97 1.64 0.214 0.34 5.75 0.0704 0.0222
97.06 1.64 0.214 0.34 5.75 0.0315 0.016
112.15 1.64 0.214 0.34 5.75 0.004 0.0137
127.23 1.64 0.214 0.34 5.75 0.0248 0.0161
142.31 1.64 0.214 0.34 5.75 0.0127 0.0184
157.38 1.64 0.214 0.34 5.75 0.0183 0.0243
172.46 1.64 0.214 0.34 5.75 -0.0003 0.0288
202.62 1.64 0.214 0.34 5.75 -0.0321 0.023
217.69 1.64 0.214 0.34 5.75 -0.0208 0.0207
232.77 1.64 0.214 0.34 5.75 -0.0224 0.0156
247.85 1.64 0.214 0.34 5.75 -0.0095 0.016
262.94 1.64 0.214 0.34 5.75 -0.0517 0.0145
278.03 1.64 0.214 0.34 5.75 -0.035 0.0173
293.13 1.64 0.214 0.34 5.75 -0.1398 0.0274
308.26 1.64 0.214 0.34 5.75 -0.0996 0.0338
322.03 1.64 0.214 0.34 5.75 -0.1253 0.041
38.02 1.64 0.214 0.45 5.75 0.0403 0.0272
51.66 1.64 0.214 0.45 5.75 0.0082 0.0167
66.82 1.64 0.214 0.45 5.75 0.0723 0.016
81.94 1.64 0.214 0.45 5.75 0.0092 0.0128
97.04 1.64 0.214 0.45 5.75 0.0086 0.0091
112.13 1.64 0.214 0.45 5.75 0.0113 0.009
127.22 1.64 0.214 0.45 5.75 0.0041 0.0135
217.7 1.64 0.214 0.45 5.75 -0.0081 0.0138
232.78 1.64 0.214 0.45 5.75 -0.042 0.0162
247.87 1.64 0.214 0.45 5.75 -0.0249 0.0102
262.96 1.64 0.214 0.45 5.75 -0.0027 0.0082
278.06 1.64 0.214 0.45 5.75 -0.0302 0.0108
293.18 1.64 0.214 0.45 5.75 -0.0254 0.014
308.34 1.64 0.214 0.45 5.75 -0.084 0.0222
321.98 1.64 0.214 0.45 5.75 -0.0445 0.0303
23.16 1.88 0.215 0.11 5.75 0.0481 0.2377
37.96 1.88 0.215 0.11 5.75 0.5076 0.1717
52.73 1.88 0.215 0.11 5.75 0.3008 0.1238
67.28 1.88 0.215 0.11 5.75 0.302 0.1066
82.17 1.88 0.215 0.11 5.75 0.0982 0.0797
97.2 1.88 0.215 0.11 5.75 0.1937 0.0682
112.25 1.88 0.215 0.11 5.75 0.1082 0.0767
127.3 1.88 0.215 0.11 5.75 0.0843 0.068
142.35 1.88 0.215 0.11 5.75 -0.0078 0.0627
157.41 1.88 0.215 0.11 5.75 0.1598 0.0535
172.47 1.88 0.215 0.11 5.75 -0.0783 0.0613
202.59 1.88 0.215 0.11 5.75 -0.0637 0.0529
217.65 1.88 0.215 0.11 5.75 0.0391 0.0592
232.7 1.88 0.215 0.11 5.75 -0.0989 0.0664
247.75 1.88 0.215 0.11 5.75 -0.1253 0.0617
262.8 1.88 0.215 0.11 5.75 -0.1984 0.0702
277.83 1.88 0.215 0.11 5.75 -0.2933 0.0898
292.72 1.88 0.215 0.11 5.75 -0.286 0.1101
307.27 1.88 0.215 0.11 5.75 -0.2495 0.1263
322.04 1.88 0.215 0.11 5.75 -0.2415 0.1642
336.84 1.88 0.215 0.11 5.75 0.1109 0.2454
38.98 1.88 0.215 0.15 5.75 0.4769 0.1549
52.95 1.88 0.215 0.15 5.75 0.2021 0.0988
67.13 1.88 0.215 0.15 5.75 0.2621 0.0795
82.11 1.88 0.215 0.15 5.75 0.1151 0.0603
97.16 1.88 0.215 0.15 5.75 0.1474 0.0439
112.22 1.88 0.215 0.15 5.75 0.132 0.0474
127.28 1.88 0.215 0.15 5.75 0.001 0.0451
142.34 1.88 0.215 0.15 5.75 -0.0202 0.0379
157.4 1.88 0.215 0.15 5.75 0.0461 0.0362
172.47 1.88 0.215 0.15 5.75 -0.0054 0.0407
187.53 1.88 0.215 0.15 5.75 -0.0074 0.0393
202.6 1.88 0.215 0.15 5.75 -0.0481 0.0316
217.66 1.88 0.215 0.15 5.75 0.0132 0.0371
232.72 1.88 0.215 0.15 5.75 -0.0499 0.0511
247.78 1.88 0.215 0.15 5.75 -0.0546 0.0473
262.84 1.88 0.215 0.15 5.75 -0.0987 0.0463
277.89 1.88 0.215 0.15 5.75 -0.1522 0.0592
292.87 1.88 0.215 0.15 5.75 -0.3247 0.0805
307.05 1.88 0.215 0.15 5.75 -0.1062 0.1063
321.02 1.88 0.215 0.15 5.75 -0.3477 0.1312
53.14 1.88 0.215 0.2 5.75 0.2573 0.079
66.99 1.88 0.215 0.2 5.75 0.0387 0.0565
82.06 1.88 0.215 0.2 5.75 0.1369 0.0488
97.14 1.88 0.215 0.2 5.75 0.0218 0.0366
112.2 1.88 0.215 0.2 5.75 0.01 0.0347
127.27 1.88 0.215 0.2 5.75 0.0634 0.0367
142.33 1.88 0.215 0.2 5.75 0.0328 0.0304
157.4 1.88 0.215 0.2 5.75 0.0639 0.0254
172.47 1.88 0.215 0.2 5.75 -0.0307 0.032
187.53 1.88 0.215 0.2 5.75 -0.0813 0.0326
202.6 1.88 0.215 0.2 5.75 -0.0242 0.0246
217.67 1.88 0.215 0.2 5.75 -0.0197 0.0275
232.73 1.88 0.215 0.2 5.75 -0.0106 0.0391
247.8 1.88 0.215 0.2 5.75 -0.0691 0.0377
262.86 1.88 0.215 0.2 5.75 -0.1147 0.0404
277.94 1.88 0.215 0.2 5.75 -0.0657 0.0486
293.01 1.88 0.215 0.2 5.75 -0.1703 0.061
306.86 1.88 0.215 0.2 5.75 -0.0919 0.075
53.05 1.88 0.215 0.26 5.75 0.1637 0.0494
66.93 1.88 0.215 0.26 5.75 0.0663 0.0386
82.03 1.88 0.215 0.26 5.75 0.0797 0.0322
97.12 1.88 0.215 0.26 5.75 0.0594 0.026
112.19 1.88 0.215 0.26 5.75 0.0308 0.0208
127.26 1.88 0.215 0.26 5.75 0.0518 0.0237
142.33 1.88 0.215 0.26 5.75 -0.0065 0.0213
157.4 1.88 0.215 0.26 5.75 0.0149 0.0153
172.47 1.88 0.215 0.26 5.75 0.0096 0.0218
187.53 1.88 0.215 0.26 5.75 -0.0229 0.0212
202.6 1.88 0.215 0.26 5.75 -0.0129 0.0199
217.67 1.88 0.215 0.26 5.75 -0.0187 0.0197
232.74 1.88 0.215 0.26 5.75 0.0144 0.0245
247.81 1.88 0.215 0.26 5.75 -0.0549 0.0275
262.88 1.88 0.215 0.26 5.75 -0.0579 0.0236
277.97 1.88 0.215 0.26 5.75 -0.0444 0.0306
293.07 1.88 0.215 0.26 5.75 -0.0944 0.0404
306.95 1.88 0.215 0.26 5.75 -0.1222 0.0553
52.72 1.88 0.215 0.34 5.75 0.085 0.03
66.9 1.88 0.215 0.34 5.75 0.0346 0.0265
82.01 1.88 0.215 0.34 5.75 0.0188 0.0224
97.1 1.88 0.215 0.34 5.75 0.0129 0.017
112.18 1.88 0.215 0.34 5.75 0.0268 0.0152
127.25 1.88 0.215 0.34 5.75 0.0331 0.0149
142.32 1.88 0.215 0.34 5.75 0.0203 0.0124
157.4 1.88 0.215 0.34 5.75 -0.0088 0.0125
172.46 1.88 0.215 0.34 5.75 0.0101 0.0138
187.54 1.88 0.215 0.34 5.75 -0.0011 0.0127
202.6 1.88 0.215 0.34 5.75 -0.0246 0.0118
217.68 1.88 0.215 0.34 5.75 0.0085 0.0119
232.75 1.88 0.215 0.34 5.75 0.0087 0.0128
247.82 1.88 0.215 0.34 5.75 -0.015 0.0163
262.9 1.88 0.215 0.34 5.75 -0.0283 0.0165
277.99 1.88 0.215 0.34 5.75 -0.0208 0.0197
293.1 1.88 0.215 0.34 5.75 -0.06 0.0284
307.28 1.88 0.215 0.34 5.75 -0.0999 0.0361
51.98 1.88 0.215 0.45 5.75 -0.0025 0.0182
66.87 1.88 0.215 0.45 5.75 0.0282 0.0166
81.99 1.88 0.215 0.45 5.75 0.038 0.0135
97.08 1.88 0.215 0.45 5.75 0.0018 0.0111
112.17 1.88 0.215 0.45 5.75 0.0077 0.0085
127.24 1.88 0.215 0.45 5.75 -0.0026 0.0076
142.32 1.88 0.215 0.45 5.75 -0.0065 0.0086
157.4 1.88 0.215 0.45 5.75 0.014 0.0085
172.46 1.88 0.215 0.45 5.75 -0.0065 0.0083
187.54 1.88 0.215 0.45 5.75 0.0114 0.009
202.6 1.88 0.215 0.45 5.75 -0.0144 0.0111
217.68 1.88 0.215 0.45 5.75 -0.0115 0.008
232.76 1.88 0.215 0.45 5.75 -0.0126 0.009
247.83 1.88 0.215 0.45 5.75 -0.0272 0.0111
262.92 1.88 0.215 0.45 5.75 -0.0315 0.0104
278.01 1.88 0.215 0.45 5.75 -0.0507 0.0118
293.13 1.88 0.215 0.45 5.75 -0.0058 0.0172
308.02 1.88 0.215 0.45 5.75 -0.0863 0.0222
317.78 1.88 0.215 0.45 5.75 -0.023 0.0458
7.44 1.79 0.244 0.11 5.75 -0.0119 0.0879
22.34 1.79 0.244 0.11 5.75 0.0168 0.0678
37.27 1.79 0.244 0.11 5.75 0.0945 0.0566
52.23 1.79 0.244 0.11 5.75 0.1268 0.0516
67.21 1.79 0.244 0.11 5.75 0.1395 0.0587
82.21 1.79 0.244 0.11 5.75 0.0184 0.0592
97.22 1.79 0.244 0.11 5.75 0.1151 0.0496
112.25 1.79 0.244 0.11 5.75 0.0845 0.0414
127.28 1.79 0.244 0.11 5.75 0.1211 0.061
142.33 1.79 0.244 0.11 5.75 -0.1076 0.0834
157.39 1.79 0.244 0.11 5.75 0.0664 0.0834
247.75 1.79 0.244 0.11 5.75 -0.0944 0.0466
262.78 1.79 0.244 0.11 5.75 -0.0847 0.04
277.79 1.79 0.244 0.11 5.75 -0.0396 0.0575
292.79 1.79 0.244 0.11 5.75 -0.1815 0.0519
307.77 1.79 0.244 0.11 5.75 -0.091 0.0569
322.73 1.79 0.244 0.11 5.75 -0.1295 0.063
337.66 1.79 0.244 0.11 5.75 -0.144 0.064
352.56 1.79 0.244 0.11 5.75 0.0633 0.0856
7.42 1.79 0.244 0.15 5.75 0.1532 0.0754
22.25 1.79 0.244 0.15 5.75 0.0791 0.0568
37.15 1.79 0.244 0.15 5.75 0.1112 0.0513
52.12 1.79 0.244 0.15 5.75 0.0702 0.0437
67.12 1.79 0.244 0.15 5.75 -0.0048 0.0456
82.14 1.79 0.244 0.15 5.75 0.0908 0.0396
97.17 1.79 0.244 0.15 5.75 0.064 0.0287
112.21 1.79 0.244 0.15 5.75 0.0366 0.0244
127.27 1.79 0.244 0.15 5.75 0.0725 0.0386
142.32 1.79 0.244 0.15 5.75 -0.0274 0.0402
157.39 1.79 0.244 0.15 5.75 0.0375 0.0362
172.46 1.79 0.244 0.15 5.75 0.0014 0.0602
187.54 1.79 0.244 0.15 5.75 0.0162 0.0674
202.61 1.79 0.244 0.15 5.75 -0.0683 0.0489
217.68 1.79 0.244 0.15 5.75 -0.0328 0.035
232.73 1.79 0.244 0.15 5.75 -0.0335 0.0297
247.79 1.79 0.244 0.15 5.75 -0.0717 0.028
262.83 1.79 0.244 0.15 5.75 -0.0802 0.0279
277.86 1.79 0.244 0.15 5.75 -0.137 0.0397
292.88 1.79 0.244 0.15 5.75 -0.1964 0.0467
307.88 1.79 0.244 0.15 5.75 -0.1242 0.0538
322.85 1.79 0.244 0.15 5.75 -0.1247 0.0518
337.75 1.79 0.244 0.15 5.75 -0.0642 0.0556
352.58 1.79 0.244 0.15 5.75 0.0771 0.0699
7.52 1.79 0.244 0.2 5.75 0.0166 0.0672
22.29 1.79 0.244 0.2 5.75 0.148 0.055
37.03 1.79 0.244 0.2 5.75 0.0072 0.0418
52.02 1.79 0.244 0.2 5.75 0.1016 0.0367
67.04 1.79 0.244 0.2 5.75 0.0792 0.0409
82.09 1.79 0.244 0.2 5.75 0.0819 0.0325
97.14 1.79 0.244 0.2 5.75 0.0746 0.0207
112.19 1.79 0.244 0.2 5.75 0.0485 0.0181
127.25 1.79 0.244 0.2 5.75 0.0309 0.0208
142.32 1.79 0.244 0.2 5.75 0.0208 0.0286
157.39 1.79 0.244 0.2 5.75 0.0142 0.0199
172.46 1.79 0.244 0.2 5.75 0.0231 0.025
202.61 1.79 0.244 0.2 5.75 -0.0343 0.0261
217.68 1.79 0.244 0.2 5.75 -0.0022 0.0262
232.75 1.79 0.244 0.2 5.75 0.0124 0.0211
247.81 1.79 0.244 0.2 5.75 -0.0078 0.0217
262.86 1.79 0.244 0.2 5.75 -0.0218 0.0205
277.91 1.79 0.244 0.2 5.75 -0.0798 0.0292
292.96 1.79 0.244 0.2 5.75 -0.0413 0.0346
307.98 1.79 0.244 0.2 5.75 -0.1558 0.0498
322.97 1.79 0.244 0.2 5.75 -0.1654 0.0438
337.71 1.79 0.244 0.2 5.75 -0.1046 0.0491
352.48 1.79 0.244 0.2 5.75 -0.152 0.0642
7.94 1.79 0.244 0.26 5.75 -0.1202 0.076
22.8 1.79 0.244 0.26 5.75 0.058 0.0482
36.9 1.79 0.244 0.26 5.75 0.1757 0.0298
51.92 1.79 0.244 0.26 5.75 0.0704 0.027
66.98 1.79 0.244 0.26 5.75 0.0479 0.0249
82.04 1.79 0.244 0.26 5.75 0.0451 0.0227
97.11 1.79 0.244 0.26 5.75 0.0219 0.0169
112.17 1.79 0.244 0.26 5.75 0.0325 0.0155
127.24 1.79 0.244 0.26 5.75 0.0261 0.0187
142.31 1.79 0.244 0.26 5.75 0.0171 0.0178
157.38 1.79 0.244 0.26 5.75 0.0074 0.018
172.46 1.79 0.244 0.26 5.75 0.01 0.0319
187.54 1.79 0.244 0.26 5.75 0.039 0.0348
202.62 1.79 0.244 0.26 5.75 -0.017 0.0255
217.69 1.79 0.244 0.26 5.75 -0.0009 0.0162
232.76 1.79 0.244 0.26 5.75 -0.0035 0.0173
247.83 1.79 0.244 0.26 5.75 -0.0379 0.0196
262.89 1.79 0.244 0.26 5.75 -0.0116 0.0161
277.96 1.79 0.244 0.26 5.75 -0.0591 0.0179
293.02 1.79 0.244 0.26 5.75 -0.0694 0.0265
308.08 1.79 0.244 0.26 5.75 -0.0976 0.032
323.1 1.79 0.244 0.26 5.75 -0.0699 0.0327
337.2 1.79 0.244 0.26 5.75 -0.1387 0.043
352.06 1.79 0.244 0.26 5.75 -0.1868 0.0727
24.21 1.8 0.244 0.34 5.75 0.1161 0.0529
36.86 1.8 0.244 0.34 5.75 0.0676 0.0244
51.81 1.8 0.244 0.34 5.75 0.0829 0.0184
66.91 1.8 0.244 0.34 5.75 0.0367 0.0157
82 1.8 0.244 0.34 5.75 0.0128 0.0139
97.08 1.8 0.244 0.34 5.75 0.0115 0.0118
112.15 1.8 0.244 0.34 5.75 0.0007 0.011
127.23 1.8 0.244 0.34 5.75 0.0417 0.0164
157.38 1.8 0.244 0.34 5.75 0.0125 0.0234
202.62 1.8 0.244 0.34 5.75 0.0198 0.036
217.69 1.8 0.244 0.34 5.75 -0.033 0.0397
232.77 1.8 0.244 0.34 5.75 -0.0133 0.0176
247.85 1.8 0.244 0.34 5.75 -0.0184 0.0161
262.92 1.8 0.244 0.34 5.75 -0.0062 0.0126
278 1.8 0.244 0.34 5.75 -0.0275 0.0115
293.09 1.8 0.244 0.34 5.75 0.01 0.0192
308.19 1.8 0.244 0.34 5.75 -0.0627 0.023
323.14 1.8 0.244 0.34 5.75 -0.0888 0.0266
335.79 1.8 0.244 0.34 5.75 -0.0933 0.0447
36.83 1.8 0.244 0.45 5.75 0.0363 0.0174
51.71 1.8 0.244 0.45 5.75 0.0564 0.0125
66.84 1.8 0.244 0.45 5.75 -0.0029 0.0098
81.95 1.8 0.244 0.45 5.75 0.0169 0.0095
97.05 1.8 0.244 0.45 5.75 -0.0007 0.0089
112.14 1.8 0.244 0.45 5.75 0.0082 0.0095
232.78 1.8 0.244 0.45 5.75 -0.018 0.0226
247.86 1.8 0.244 0.45 5.75 0.0047 0.0131
262.95 1.8 0.244 0.45 5.75 -0.0029 0.0076
278.05 1.8 0.244 0.45 5.75 -0.0219 0.008
293.16 1.8 0.244 0.45 5.75 -0.0425 0.013
308.29 1.8 0.244 0.45 5.75 -0.0391 0.0142
323.17 1.8 0.244 0.45 5.75 -0.014 0.0184
7.54 2.12 0.244 0.11 5.75 -0.1578 0.1166
22.6 2.12 0.244 0.11 5.75 -0.0648 0.0906
37.61 2.12 0.244 0.11 5.75 0.2291 0.0685
52.44 2.12 0.244 0.11 5.75 0.0758 0.0689
67.2 2.12 0.244 0.11 5.75 0.1115 0.0678
82.22 2.12 0.244 0.11 5.75 0.0992 0.0594
97.24 2.12 0.244 0.11 5.75 0.1382 0.0502
112.27 2.12 0.244 0.11 5.75 0.1013 0.0453
127.31 2.12 0.244 0.11 5.75 0.0333 0.0568
142.36 2.12 0.244 0.11 5.75 0.0416 0.063
157.41 2.12 0.244 0.11 5.75 -0.0169 0.0557
172.47 2.12 0.244 0.11 5.75 0.0184 0.0642
187.53 2.12 0.244 0.11 5.75 -0.0068 0.0658
202.59 2.12 0.244 0.11 5.75 -0.0365 0.0544
217.64 2.12 0.244 0.11 5.75 -0.0672 0.0663
232.69 2.12 0.244 0.11 5.75 -0.0605 0.0662
247.73 2.12 0.244 0.11 5.75 -0.0776 0.0499
262.76 2.12 0.244 0.11 5.75 -0.1558 0.0424
277.78 2.12 0.244 0.11 5.75 -0.1611 0.062
292.8 2.12 0.244 0.11 5.75 -0.1128 0.0687
307.56 2.12 0.244 0.11 5.75 -0.0653 0.065
322.39 2.12 0.244 0.11 5.75 -0.2037 0.0748
337.4 2.12 0.244 0.11 5.75 0.014 0.0907
352.46 2.12 0.244 0.11 5.75 0.0471 0.1212
7.67 2.12 0.245 0.15 5.75 0.0076 0.1461
22.96 2.12 0.245 0.15 5.75 0.2386 0.1029
37.7 2.12 0.245 0.15 5.75 0.1145 0.0689
52.54 2.12 0.245 0.15 5.75 0.1664 0.0571
67.11 2.12 0.245 0.15 5.75 0.0352 0.0516
82.14 2.12 0.245 0.15 5.75 0.0615 0.0412
97.19 2.12 0.245 0.15 5.75 0.0235 0.0306
112.24 2.12 0.245 0.15 5.75 0.0061 0.0314
127.29 2.12 0.245 0.15 5.75 0.0285 0.0317
142.35 2.12 0.245 0.15 5.75 -0.0067 0.0329
157.41 2.12 0.245 0.15 5.75 0.0025 0.0288
172.47 2.12 0.245 0.15 5.75 -0.0263 0.0344
187.53 2.12 0.245 0.15 5.75 0.0031 0.0373
202.59 2.12 0.245 0.15 5.75 -0.05 0.0264
217.65 2.12 0.245 0.15 5.75 -0.0345 0.0256
232.71 2.12 0.245 0.15 5.75 0.0552 0.032
247.76 2.12 0.245 0.15 5.75 -0.0209 0.032
262.81 2.12 0.245 0.15 5.75 -0.0751 0.0292
277.86 2.12 0.245 0.15 5.75 -0.0077 0.0418
292.89 2.12 0.245 0.15 5.75 -0.084 0.0508
307.46 2.12 0.245 0.15 5.75 -0.0567 0.0622
322.3 2.12 0.245 0.15 5.75 -0.1988 0.072
337.04 2.12 0.245 0.15 5.75 -0.2806 0.0987
352.33 2.12 0.245 0.15 5.75 -0.2106 0.1354
38.17 2.12 0.245 0.2 5.75 0.1593 0.0663
52.69 2.12 0.245 0.2 5.75 0.15 0.048
67.03 2.12 0.245 0.2 5.75 0.1579 0.0405
82.09 2.12 0.245 0.2 5.75 0.0445 0.0356
97.15 2.12 0.245 0.2 5.75 0.0842 0.0264
112.22 2.12 0.245 0.2 5.75 0.0379 0.0219
127.28 2.12 0.245 0.2 5.75 0.012 0.0211
142.34 2.12 0.245 0.2 5.75 0.0636 0.0224
157.4 2.12 0.245 0.2 5.75 0.0311 0.0209
172.47 2.12 0.245 0.2 5.75 0.0062 0.0174
187.53 2.12 0.245 0.2 5.75 0.0266 0.0193
202.6 2.12 0.245 0.2 5.75 0.0162 0.0175
217.66 2.12 0.245 0.2 5.75 -0.0315 0.0173
232.72 2.12 0.245 0.2 5.75 -0.0223 0.0239
247.78 2.12 0.245 0.2 5.75 -0.0429 0.0231
262.85 2.12 0.245 0.2 5.75 -0.0388 0.025
277.91 2.12 0.245 0.2 5.75 -0.0408 0.0319
292.97 2.12 0.245 0.2 5.75 -0.0709 0.0391
307.31 2.12 0.245 0.2 5.75 -0.0854 0.0519
321.83 2.12 0.245 0.2 5.75 -0.2141 0.0677
38.87 2.12 0.245 0.26 5.75 0.2925 0.0561
52.71 2.12 0.245 0.26 5.75 0.1022 0.0323
66.97 2.12 0.245 0.26 5.75 0.0681 0.0287
82.06 2.12 0.245 0.26 5.75 0.0787 0.0237
97.13 2.12 0.245 0.26 5.75 0.0469 0.0174
112.2 2.12 0.245 0.26 5.75 0.0251 0.0152
127.27 2.12 0.245 0.26 5.75 -0.0215 0.0162
142.33 2.12 0.245 0.26 5.75 0.0352 0.0157
157.4 2.12 0.245 0.26 5.75 0.031 0.013
172.47 2.12 0.245 0.26 5.75 -0.0079 0.0135
187.53 2.12 0.245 0.26 5.75 0.0073 0.0131
202.6 2.12 0.245 0.26 5.75 -0.0214 0.0117
217.67 2.12 0.245 0.26 5.75 -0.0049 0.0126
232.73 2.12 0.245 0.26 5.75 -0.0317 0.0156
247.8 2.12 0.245 0.26 5.75 -0.0205 0.0165
262.87 2.12 0.245 0.26 5.75 -0.018 0.0166
277.94 2.12 0.245 0.26 5.75 -0.0193 0.0191
293.03 2.12 0.245 0.26 5.75 -0.0741 0.0297
307.29 2.12 0.245 0.26 5.75 -0.1334 0.0366
321.13 2.12 0.245 0.26 5.75 -0.1557 0.0525
39.99 2.12 0.245 0.34 5.75 0.0772 0.045
52.42 2.12 0.245 0.34 5.75 0.0361 0.0204
66.92 2.12 0.245 0.34 5.75 0.055 0.0186
82.02 2.12 0.245 0.34 5.75 0.0222 0.0176
97.11 2.12 0.245 0.34 5.75 0.0404 0.0117
112.19 2.12 0.245 0.34 5.75 0.0209 0.0108
127.26 2.12 0.245 0.34 5.75 0.0245 0.0121
142.33 2.12 0.245 0.34 5.75 0.0021 0.0094
157.4 2.12 0.245 0.34 5.75 -0.0014 0.0074
172.46 2.12 0.245 0.34 5.75 0.0087 0.0084
187.54 2.12 0.245 0.34 5.75 -0.0082 0.0078
202.6 2.12 0.245 0.34 5.75 -0.0051 0.0085
217.67 2.12 0.245 0.34 5.75 -0.0044 0.0084
232.74 2.12 0.245 0.34 5.75 -0.0129 0.0118
247.81 2.12 0.245 0.34 5.75 -0.0071 0.0125
262.89 2.12 0.245 0.34 5.75 -0.0153 0.0125
277.98 2.12 0.245 0.34 5.75 -0.0132 0.0136
293.08 2.12 0.245 0.34 5.75 -0.0332 0.0192
307.58 2.12 0.245 0.34 5.75 -0.0446 0.0248
320.01 2.12 0.245 0.34 5.75 -0.0614 0.0465
51.97 2.12 0.245 0.45 5.75 0.0012 0.0123
66.88 2.12 0.245 0.45 5.75 0.0138 0.0107
82 2.12 0.245 0.45 5.75 0.0193 0.0093
97.09 2.12 0.245 0.45 5.75 0.0213 0.0073
112.17 2.12 0.245 0.45 5.75 0.0126 0.0062
127.25 2.12 0.245 0.45 5.75 -0.0087 0.0065
142.32 2.12 0.245 0.45 5.75 0.0145 0.0066
157.39 2.12 0.245 0.45 5.75 0.0171 0.0058
172.46 2.12 0.245 0.45 5.75 0.0016 0.0071
187.54 2.12 0.245 0.45 5.75 0.001 0.0081
202.61 2.12 0.245 0.45 5.75 -0.0096 0.0066
217.68 2.12 0.245 0.45 5.75 -0.0116 0.007
232.75 2.12 0.245 0.45 5.75 -0.0093 0.0065
247.83 2.12 0.245 0.45 5.75 -0.0146 0.0068
262.91 2.12 0.245 0.45 5.75 0.001 0.008
278 2.12 0.245 0.45 5.75 -0.0084 0.0087
293.12 2.12 0.245 0.45 5.75 -0.0234 0.0122
308.03 2.12 0.245 0.45 5.75 -0.0237 0.015
319.36 2.12 0.245 0.45 5.75 -0.0385 0.0266
7.46 1.94 0.274 0.11 5.75 -0.0879 0.0575
22.4 1.94 0.274 0.11 5.75 0.0524 0.0498
37.34 1.94 0.274 0.11 5.75 0.0201 0.0424
52.3 1.94 0.274 0.11 5.75 0.1385 0.0441
67.28 1.94 0.274 0.11 5.75 0.1134 0.0508
82.28 1.94 0.274 0.11 5.75 0.0679 0.0584
97.28 1.94 0.274 0.11 5.75 -0.1269 0.0707
262.72 1.94 0.274 0.11 5.75 -0.0797 0.0682
277.72 1.94 0.274 0.11 5.75 -0.0115 0.0589
292.72 1.94 0.274 0.11 5.75 -0.1366 0.066
307.7 1.94 0.274 0.11 5.75 -0.0526 0.0538
322.66 1.94 0.274 0.11 5.75 -0.0713 0.048
337.6 1.94 0.274 0.11 5.75 -0.0371 0.0455
352.54 1.94 0.274 0.11 5.75 0.012 0.0559
7.43 1.94 0.274 0.15 5.75 0.042 0.045
22.31 1.94 0.274 0.15 5.75 0.0648 0.0405
37.23 1.94 0.274 0.15 5.75 0.0522 0.0328
52.19 1.94 0.274 0.15 5.75 0.0641 0.0307
67.18 1.94 0.274 0.15 5.75 0.0773 0.0292
82.18 1.94 0.274 0.15 5.75 0.1031 0.0306
97.2 1.94 0.274 0.15 5.75 0.0108 0.0277
112.24 1.94 0.274 0.15 5.75 0.053 0.0314
247.76 1.94 0.274 0.15 5.75 -0.1092 0.0413
262.8 1.94 0.274 0.15 5.75 -0.055 0.0221
277.82 1.94 0.274 0.15 5.75 -0.0567 0.0286
292.82 1.94 0.274 0.15 5.75 0.0367 0.0335
307.81 1.94 0.274 0.15 5.75 -0.0858 0.0347
322.77 1.94 0.274 0.15 5.75 -0.0817 0.0359
337.69 1.94 0.274 0.15 5.75 -0.1187 0.0387
352.57 1.94 0.274 0.15 5.75 0.0202 0.043
7.39 1.94 0.274 0.2 5.75 0.0366 0.0453
22.22 1.94 0.274 0.2 5.75 0.031 0.0375
37.12 1.94 0.274 0.2 5.75 -0.0026 0.0304
52.09 1.94 0.274 0.2 5.75 0.0655 0.0289
67.1 1.94 0.274 0.2 5.75 0.0055 0.0226
82.12 1.94 0.274 0.2 5.75 0.0487 0.0238
97.16 1.94 0.274 0.2 5.75 0.0364 0.0196
112.21 1.94 0.274 0.2 5.75 0.0234 0.0177
127.26 1.94 0.274 0.2 5.75 0.0044 0.0218
157.39 1.94 0.274 0.2 5.75 0.0049 0.0437
187.54 1.94 0.274 0.2 5.75 0.0141 0.0486
202.61 1.94 0.274 0.2 5.75 -0.0247 0.033
217.68 1.94 0.274 0.2 5.75 0.0186 0.0259
232.74 1.94 0.274 0.2 5.75 -0.0171 0.0292
247.79 1.94 0.274 0.2 5.75 -0.0327 0.0162
262.84 1.94 0.274 0.2 5.75 -0.008 0.0152
277.88 1.94 0.274 0.2 5.75 -0.0564 0.0201
292.9 1.94 0.274 0.2 5.75 -0.0644 0.0275
307.91 1.94 0.274 0.2 5.75 -0.0385 0.031
322.88 1.94 0.274 0.2 5.75 -0.1279 0.0328
337.78 1.94 0.274 0.2 5.75 -0.0436 0.0348
352.61 1.94 0.274 0.2 5.75 -0.1191 0.0401
7.47 1.94 0.274 0.26 5.75 0.0342 0.0347
22.11 1.94 0.274 0.26 5.75 0.0169 0.0299
37 1.94 0.274 0.26 5.75 0.0407 0.0214
51.99 1.94 0.274 0.26 5.75 0.0437 0.0193
67.02 1.94 0.274 0.26 5.75 0.0512 0.0174
82.07 1.94 0.274 0.26 5.75 0.0247 0.0173
97.12 1.94 0.274 0.26 5.75 0.021 0.0129
112.19 1.94 0.274 0.26 5.75 0.0188 0.014
127.25 1.94 0.274 0.26 5.75 0.0209 0.0219
142.31 1.94 0.274 0.26 5.75 -0.0442 0.0438
232.75 1.94 0.274 0.26 5.75 -0.0336 0.0175
247.81 1.94 0.274 0.26 5.75 -0.0195 0.012
262.88 1.94 0.274 0.26 5.75 -0.0051 0.0112
277.93 1.94 0.274 0.26 5.75 -0.0192 0.0157
292.98 1.94 0.274 0.26 5.75 -0.0557 0.022
308.01 1.94 0.274 0.26 5.75 -0.0732 0.0253
323 1.94 0.274 0.26 5.75 -0.0125 0.0237
337.89 1.94 0.274 0.26 5.75 -0.0394 0.0275
352.53 1.94 0.274 0.26 5.75 -0.0114 0.0323
7.9 1.94 0.275 0.34 5.75 0.0158 0.0406
22.4 1.94 0.275 0.34 5.75 0.0511 0.0274
36.83 1.94 0.275 0.34 5.75 0.0351 0.0164
51.88 1.94 0.275 0.34 5.75 0.0483 0.0127
66.95 1.94 0.275 0.34 5.75 0.0114 0.012
82.02 1.94 0.275 0.34 5.75 0.0025 0.0112
97.09 1.94 0.275 0.34 5.75 0.0063 0.0091
112.16 1.94 0.275 0.34 5.75 -0.0036 0.0112
127.24 1.94 0.275 0.34 5.75 0.018 0.0153
232.76 1.94 0.275 0.34 5.75 0.0031 0.0288
247.84 1.94 0.275 0.34 5.75 -0.0056 0.0127
262.91 1.94 0.275 0.34 5.75 -0.0236 0.0112
277.98 1.94 0.275 0.34 5.75 -0.0278 0.0103
293.05 1.94 0.275 0.34 5.75 -0.04 0.0143
308.12 1.94 0.275 0.34 5.75 -0.0584 0.0172
323.17 1.94 0.275 0.34 5.75 -0.0346 0.0185
337.6 1.94 0.275 0.34 5.75 -0.0338 0.0222
352.1 1.94 0.275 0.34 5.75 -0.0301 0.0362
23.78 1.94 0.275 0.45 5.75 0.0231 0.0237
36.63 1.94 0.275 0.45 5.75 0.0381 0.0131
51.76 1.94 0.275 0.45 5.75 0.0191 0.0093
66.87 1.94 0.275 0.45 5.75 0.0205 0.008
81.97 1.94 0.275 0.45 5.75 -0.0003 0.0086
97.06 1.94 0.275 0.45 5.75 -0.0007 0.0073
112.14 1.94 0.275 0.45 5.75 -0.0102 0.0133
247.86 1.94 0.275 0.45 5.75 -0.0155 0.0104
262.94 1.94 0.275 0.45 5.75 -0.0034 0.0083
278.03 1.94 0.275 0.45 5.75 -0.0169 0.0064
293.13 1.94 0.275 0.45 5.75 -0.017 0.0094
308.24 1.94 0.275 0.45 5.75 -0.0317 0.0122
323.37 1.94 0.275 0.45 5.75 -0.0381 0.0131
336.22 1.94 0.275 0.45 5.75 -0.054 0.0215
7.49 2.35 0.274 0.11 5.75 0.005 0.0678
22.51 2.35 0.274 0.11 5.75 0.1274 0.0545
37.42 2.35 0.274 0.11 5.75 -0.0285 0.0449
52.31 2.35 0.274 0.11 5.75 0.1146 0.0455
67.29 2.35 0.274 0.11 5.75 0.0406 0.0585
82.29 2.35 0.274 0.11 5.75 0.1784 0.0728
97.3 2.35 0.274 0.11 5.75 0.1272 0.0664
277.71 2.35 0.274 0.11 5.75 -0.0419 0.0697
292.71 2.35 0.274 0.11 5.75 -0.0416 0.0668
307.69 2.35 0.274 0.11 5.75 -0.0837 0.0588
322.58 2.35 0.274 0.11 5.75 -0.0498 0.0546
337.49 2.35 0.274 0.11 5.75 -0.0193 0.0535
352.51 2.35 0.274 0.11 5.75 0.045 0.0584
7.54 2.35 0.275 0.15 5.75 -0.0395 0.056
22.53 2.35 0.275 0.15 5.75 0.0035 0.0502
37.55 2.35 0.275 0.15 5.75 0.0594 0.0391
52.38 2.35 0.275 0.15 5.75 0.0769 0.0337
67.17 2.35 0.275 0.15 5.75 0.0374 0.0328
82.19 2.35 0.275 0.15 5.75 0.0827 0.0298
97.22 2.35 0.275 0.15 5.75 0.095 0.03
112.26 2.35 0.275 0.15 5.75 0.0393 0.0273
247.74 2.35 0.275 0.15 5.75 -0.0871 0.0365
262.78 2.35 0.275 0.15 5.75 -0.0553 0.0257
277.81 2.35 0.275 0.15 5.75 -0.1352 0.0286
292.83 2.35 0.275 0.15 5.75 -0.0616 0.0313
307.62 2.35 0.275 0.15 5.75 -0.0477 0.0385
322.45 2.35 0.275 0.15 5.75 -0.0475 0.0385
337.47 2.35 0.275 0.15 5.75 -0.1326 0.0478
352.46 2.35 0.275 0.15 5.75 0.1212 0.0538
7.61 2.35 0.275 0.2 5.75 0.0681 0.08
22.79 2.35 0.275 0.2 5.75 0.0742 0.051
37.67 2.35 0.275 0.2 5.75 0.148 0.039
52.38 2.35 0.275 0.2 5.75 0.0532 0.0299
67.08 2.35 0.275 0.2 5.75 0.0294 0.0271
82.13 2.35 0.275 0.2 5.75 0.0628 0.0256
97.18 2.35 0.275 0.2 5.75 0.0219 0.0174
112.23 2.35 0.275 0.2 5.75 0.0049 0.0147
127.29 2.35 0.275 0.2 5.75 0.0248 0.0151
142.34 2.35 0.275 0.2 5.75 0.0143 0.0186
157.41 2.35 0.275 0.2 5.75 0.0318 0.0199
172.47 2.35 0.275 0.2 5.75 -0.0094 0.0152
202.59 2.35 0.275 0.2 5.75 -0.0171 0.017
217.66 2.35 0.275 0.2 5.75 -0.0176 0.0179
232.71 2.35 0.275 0.2 5.75 -0.0322 0.0181
247.77 2.35 0.275 0.2 5.75 -0.0151 0.017
262.82 2.35 0.275 0.2 5.75 -0.0377 0.0183
277.87 2.35 0.275 0.2 5.75 -0.0423 0.0214
292.92 2.35 0.275 0.2 5.75 -0.1058 0.0307
307.62 2.35 0.275 0.2 5.75 -0.1804 0.0366
322.33 2.35 0.275 0.2 5.75 -0.0825 0.0365
337.21 2.35 0.275 0.2 5.75 -0.0394 0.0537
352.39 2.35 0.275 0.2 5.75 -0.0344 0.0717
23.32 2.35 0.275 0.26 5.75 0.0115 0.0573
37.74 2.35 0.275 0.26 5.75 0.1317 0.0321
52.32 2.35 0.275 0.26 5.75 0.0209 0.0216
67.02 2.35 0.275 0.26 5.75 0.06 0.0199
82.08 2.35 0.275 0.26 5.75 0.0394 0.017
97.15 2.35 0.275 0.26 5.75 0.0215 0.0122
112.21 2.35 0.275 0.26 5.75 0.0396 0.0112
127.28 2.35 0.275 0.26 5.75 0.0013 0.0129
142.34 2.35 0.275 0.26 5.75 0.0183 0.0135
157.4 2.35 0.275 0.26 5.75 0.0038 0.0103
172.47 2.35 0.275 0.26 5.75 0.0052 0.0127
187.53 2.35 0.275 0.26 5.75 -0.0213 0.0147
202.6 2.35 0.275 0.26 5.75 -0.0212 0.0111
217.66 2.35 0.275 0.26 5.75 -0.0077 0.0103
232.72 2.35 0.275 0.26 5.75 -0.0172 0.011
247.79 2.35 0.275 0.26 5.75 -0.0226 0.0129
262.85 2.35 0.275 0.26 5.75 -0.0147 0.0114
277.92 2.35 0.275 0.26 5.75 -0.0357 0.0166
292.98 2.35 0.275 0.26 5.75 -0.0336 0.0206
307.68 2.35 0.275 0.26 5.75 -0.0471 0.0265
322.26 2.35 0.275 0.26 5.75 -0.105 0.0314
336.68 2.35 0.275 0.26 5.75 -0.16 0.049
38.16 2.35 0.275 0.34 5.75 0.0242 0.0237
52.21 2.35 0.275 0.34 5.75 0.0517 0.0156
66.95 2.35 0.275 0.34 5.75 0.0343 0.0132
82.04 2.35 0.275 0.34 5.75 0.0237 0.0116
97.12 2.35 0.275 0.34 5.75 0.0056 0.0086
112.19 2.35 0.275 0.34 5.75 0.0141 0.0075
127.26 2.35 0.275 0.34 5.75 0.0082 0.0089
142.33 2.35 0.275 0.34 5.75 0.0187 0.0085
157.4 2.35 0.275 0.34 5.75 -0.0022 0.0095
172.46 2.35 0.275 0.34 5.75 0.004 0.0099
202.6 2.35 0.275 0.34 5.75 0.0096 0.0071
217.67 2.35 0.275 0.34 5.75 -0.0022 0.0077
232.74 2.35 0.275 0.34 5.75 -0.0062 0.0078
247.81 2.35 0.275 0.34 5.75 -0.0049 0.0096
262.88 2.35 0.275 0.34 5.75 -0.0333 0.0098
277.96 2.35 0.275 0.34 5.75 -0.0066 0.0106
293.05 2.35 0.275 0.34 5.75 -0.022 0.0126
307.79 2.35 0.275 0.34 5.75 -0.0718 0.0186
321.84 2.35 0.275 0.34 5.75 -0.0396 0.0251
38.8 2.35 0.275 0.45 5.75 0.066 0.0177
51.96 2.35 0.275 0.45 5.75 0.0166 0.0097
66.9 2.35 0.275 0.45 5.75 0.0416 0.0088
82.01 2.35 0.275 0.45 5.75 0.0054 0.0073
97.1 2.35 0.275 0.45 5.75 0.0175 0.0054
112.18 2.35 0.275 0.45 5.75 0.0067 0.0047
127.26 2.35 0.275 0.45 5.75 0.0179 0.0056
142.32 2.35 0.275 0.45 5.75 0.0011 0.0098
157.4 2.35 0.275 0.45 5.75 0.0022 0.0075
172.47 2.35 0.275 0.45 5.75 -0.0128 0.0084
187.53 2.35 0.275 0.45 5.75 -0.0011 0.0087
202.6 2.35 0.275 0.45 5.75 0.0033 0.0049
217.68 2.35 0.275 0.45 5.75 -0.0089 0.0045
232.74 2.35 0.275 0.45 5.75 0.0027 0.0055
247.82 2.35 0.275 0.45 5.75 0.0058 0.0051
262.9 2.35 0.275 0.45 5.75 -0.0189 0.0056
277.99 2.35 0.275 0.45 5.75 -0.0038 0.0052
293.1 2.35 0.275 0.45 5.75 -0.0212 0.0089
308.04 2.35 0.275 0.45 5.75 -0.0289 0.0119
321.2 2.35 0.275 0.45 5.75 -0.0255 0.018
7.48 2.08 0.301 0.12 5.75 0.0762 0.0751
22.43 2.08 0.301 0.12 5.75 -0.0121 0.059
37.4 2.08 0.301 0.12 5.75 0.0057 0.0645
52.37 2.08 0.301 0.12 5.75 0.0961 0.074
307.63 2.08 0.301 0.12 5.75 -0.0638 0.088
322.6 2.08 0.301 0.12 5.75 -0.0541 0.0702
337.57 2.08 0.301 0.12 5.75 0.059 0.0659
352.52 2.08 0.301 0.12 5.75 -0.0529 0.0591
7.45 2.1 0.304 0.15 5.75 0.0006 0.0303
22.37 2.1 0.304 0.15 5.75 -0.0215 0.0301
37.3 2.1 0.304 0.15 5.75 0.0121 0.0215
52.26 2.1 0.304 0.15 5.75 0.0317 0.0212
67.24 2.1 0.304 0.15 5.75 0.0428 0.0247
82.24 2.1 0.304 0.15 5.75 0.0547 0.0428
277.76 2.1 0.304 0.15 5.75 -0.0679 0.0447
292.76 2.1 0.304 0.15 5.75 -0.0077 0.0343
307.74 2.1 0.304 0.15 5.75 -0.0406 0.0281
322.7 2.1 0.304 0.15 5.75 -0.0183 0.0242
337.63 2.1 0.304 0.15 5.75 -0.0909 0.0252
352.55 2.1 0.304 0.15 5.75 -0.0146 0.0287
7.42 2.1 0.304 0.2 5.75 0.0059 0.0294
22.29 2.1 0.304 0.2 5.75 -0.0125 0.0271
37.2 2.1 0.304 0.2 5.75 0.0181 0.0212
52.16 2.1 0.304 0.2 5.75 0.0324 0.0188
67.15 2.1 0.304 0.2 5.75 0.0239 0.0169
82.16 2.1 0.304 0.2 5.75 0.0335 0.0184
97.19 2.1 0.304 0.2 5.75 -0.008 0.0201
112.23 2.1 0.304 0.2 5.75 0.0199 0.0166
127.28 2.1 0.304 0.2 5.75 -0.0045 0.0213
142.33 2.1 0.304 0.2 5.75 -0.0286 0.0344
157.4 2.1 0.304 0.2 5.75 0.0384 0.0323
202.6 2.1 0.304 0.2 5.75 0.0305 0.0239
217.67 2.1 0.304 0.2 5.75 -0.0219 0.0192
247.77 2.1 0.304 0.2 5.75 -0.0263 0.0186
262.81 2.1 0.304 0.2 5.75 -0.0193 0.0146
277.84 2.1 0.304 0.2 5.75 -0.038 0.0173
292.85 2.1 0.304 0.2 5.75 -0.0545 0.0201
307.84 2.1 0.304 0.2 5.75 -0.0342 0.0251
322.8 2.1 0.304 0.2 5.75 -0.0341 0.0229
337.71 2.1 0.304 0.2 5.75 -0.0716 0.0248
352.58 2.1 0.304 0.2 5.75 -0.0352 0.0261
7.38 2.1 0.304 0.26 5.75 0.0004 0.0238
22.19 2.1 0.304 0.26 5.75 0.019 0.0222
37.09 2.1 0.304 0.26 5.75 0.0181 0.0155
52.06 2.1 0.304 0.26 5.75 0.032 0.0155
67.07 2.1 0.304 0.26 5.75 0.0257 0.0136
82.11 2.1 0.304 0.26 5.75 0.0228 0.0137
97.15 2.1 0.304 0.26 5.75 0.0276 0.0106
112.2 2.1 0.304 0.26 5.75 0.0155 0.0155
127.26 2.1 0.304 0.26 5.75 0.0348 0.0302
247.8 2.1 0.304 0.26 5.75 -0.0107 0.0107
262.85 2.1 0.304 0.26 5.75 -0.0242 0.0098
277.89 2.1 0.304 0.26 5.75 -0.0142 0.0123
292.93 2.1 0.304 0.26 5.75 -0.0158 0.0131
307.94 2.1 0.304 0.26 5.75 -0.0187 0.0161
322.91 2.1 0.304 0.26 5.75 -0.0423 0.0168
337.81 2.1 0.304 0.26 5.75 -0.0028 0.0181
352.62 2.1 0.304 0.26 5.75 -0.0196 0.021
7.42 2.1 0.304 0.34 5.75 -0.007 0.0198
22.04 2.1 0.304 0.34 5.75 0.0401 0.0171
36.94 2.1 0.304 0.34 5.75 0.0324 0.0127
51.95 2.1 0.304 0.34 5.75 0.034 0.0104
66.99 2.1 0.304 0.34 5.75 0.0117 0.0099
82.05 2.1 0.304 0.34 5.75 0.0306 0.0095
97.11 2.1 0.304 0.34 5.75 0.0153 0.009
112.18 2.1 0.304 0.34 5.75 0.0259 0.012
262.89 2.1 0.304 0.34 5.75 -0.0127 0.0073
277.95 2.1 0.304 0.34 5.75 -0.0139 0.0083
293.01 2.1 0.304 0.34 5.75 -0.0267 0.0098
308.05 2.1 0.304 0.34 5.75 -0.0179 0.0141
323.06 2.1 0.304 0.34 5.75 -0.0175 0.0121
337.96 2.1 0.304 0.34 5.75 -0.047 0.0152
352.58 2.1 0.304 0.34 5.75 -0.0319 0.0183
8.12 2.1 0.305 0.45 5.75 0.0537 0.0228
22.33 2.1 0.305 0.45 5.75 0.0126 0.0136
36.75 2.1 0.305 0.45 5.75 0.0057 0.0089
51.83 2.1 0.305 0.45 5.75 0.0086 0.0075
66.91 2.1 0.305 0.45 5.75 -0.0046 0.0063
82 2.1 0.305 0.45 5.75 0.0076 0.0056
97.08 2.1 0.305 0.45 5.75 0.0011 0.0083
262.92 2.1 0.305 0.45 5.75 0.0032 0.0075
278 2.1 0.305 0.45 5.75 -0.0168 0.0068
293.09 2.1 0.305 0.45 5.75 -0.0127 0.0074
308.17 2.1 0.305 0.45 5.75 -0.0219 0.0092
323.25 2.1 0.305 0.45 5.75 -0.0135 0.0099
337.67 2.1 0.305 0.45 5.75 -0.0287 0.0119
351.88 2.1 0.305 0.45 5.75 0.017 0.0195
37.4 2.56 0.301 0.12 5.75 0.0205 0.0952
52.37 2.56 0.301 0.12 5.75 -0.0855 0.1393
7.48 2.58 0.304 0.15 5.75 0.021 0.0379
22.46 2.58 0.304 0.15 5.75 0.0162 0.0328
37.39 2.58 0.304 0.15 5.75 0.0243 0.03
52.25 2.58 0.304 0.15 5.75 0.0633 0.0312
67.24 2.58 0.304 0.15 5.75 0.0297 0.0404
82.25 2.58 0.304 0.15 5.75 0.0704 0.057
277.75 2.58 0.304 0.15 5.75 -0.0473 0.0712
292.76 2.58 0.304 0.15 5.75 -0.1248 0.0476
307.75 2.58 0.304 0.15 5.75 -0.0861 0.0348
322.61 2.58 0.304 0.15 5.75 -0.0444 0.0315
337.54 2.58 0.304 0.15 5.75 -0.0101 0.0338
352.52 2.58 0.304 0.15 5.75 -0.0499 0.0373
7.52 2.58 0.304 0.2 5.75 0.0026 0.0401
22.49 2.58 0.304 0.2 5.75 0.0234 0.0332
37.48 2.58 0.304 0.2 5.75 0.053 0.0236
52.19 2.58 0.304 0.2 5.75 0.0358 0.0225
67.14 2.58 0.304 0.2 5.75 0.0387 0.0201
82.17 2.58 0.304 0.2 5.75 0.0596 0.021
97.21 2.58 0.304 0.2 5.75 0.0108 0.0152
112.25 2.58 0.304 0.2 5.75 -0.0094 0.0148
127.3 2.58 0.304 0.2 5.75 0.0539 0.019
142.36 2.58 0.304 0.2 5.75 0.0016 0.0153
157.41 2.58 0.304 0.2 5.75 0.0061 0.0125
172.47 2.58 0.304 0.2 5.75 -0.0042 0.0104
187.53 2.58 0.304 0.2 5.75 -0.0131 0.0151
202.59 2.58 0.304 0.2 5.75 0.0036 0.0103
217.64 2.58 0.304 0.2 5.75 0.0033 0.0101
232.7 2.58 0.304 0.2 5.75 -0.0094 0.0147
247.75 2.58 0.304 0.2 5.75 -0.0126 0.0162
262.79 2.58 0.304 0.2 5.75 -0.0387 0.0166
277.83 2.58 0.304 0.2 5.75 -0.029 0.0179
292.86 2.58 0.304 0.2 5.75 -0.0527 0.0242
307.81 2.58 0.304 0.2 5.75 -0.0318 0.0253
322.52 2.58 0.304 0.2 5.75 -0.0706 0.0252
337.51 2.58 0.304 0.2 5.75 0.0688 0.0321
352.48 2.58 0.304 0.2 5.75 -0.0567 0.0354
7.68 2.58 0.305 0.26 5.75 0.2003 0.0436
22.75 2.58 0.305 0.26 5.75 0.0471 0.0328
37.64 2.58 0.305 0.26 5.75 0.0191 0.0194
52.19 2.58 0.305 0.26 5.75 0.0442 0.017
67.07 2.58 0.305 0.26 5.75 0.0308 0.0157
82.12 2.58 0.305 0.26 5.75 0.0201 0.0132
97.17 2.58 0.305 0.26 5.75 0.0024 0.0088
112.23 2.58 0.305 0.26 5.75 0.0151 0.009
127.29 2.58 0.305 0.26 5.75 0.0049 0.0122
142.35 2.58 0.305 0.26 5.75 0.0008 0.0096
157.4 2.58 0.305 0.26 5.75 0.0014 0.0085
172.47 2.58 0.305 0.26 5.75 -0.0029 0.0086
187.53 2.58 0.305 0.26 5.75 0.0066 0.0082
202.6 2.58 0.305 0.26 5.75 0.0052 0.008
217.65 2.58 0.305 0.26 5.75 -0.0024 0.0081
232.71 2.58 0.305 0.26 5.75 -0.0036 0.01
247.77 2.58 0.305 0.26 5.75 0.0139 0.0107
262.83 2.58 0.305 0.26 5.75 -0.0253 0.0095
277.88 2.58 0.305 0.26 5.75 -0.0186 0.0118
292.93 2.58 0.305 0.26 5.75 -0.0274 0.0163
307.81 2.58 0.305 0.26 5.75 -0.0707 0.0198
322.36 2.58 0.305 0.26 5.75 -0.0165 0.0217
337.25 2.58 0.305 0.26 5.75 -0.0303 0.0284
352.32 2.58 0.305 0.26 5.75 -0.0299 0.0439
23.49 2.58 0.305 0.34 5.75 0.0598 0.0329
37.77 2.58 0.305 0.34 5.75 0.0526 0.0182
52.1 2.58 0.305 0.34 5.75 0.0118 0.012
66.99 2.58 0.305 0.34 5.75 0.0283 0.0102
82.07 2.58 0.305 0.34 5.75 0.0158 0.0097
97.14 2.58 0.305 0.34 5.75 0.0227 0.0076
112.21 2.58 0.305 0.34 5.75 0.0108 0.0068
127.27 2.58 0.305 0.34 5.75 -0.0091 0.0073
142.34 2.58 0.305 0.34 5.75 0.0001 0.007
157.4 2.58 0.305 0.34 5.75 0.0082 0.0073
172.46 2.58 0.305 0.34 5.75 0.0016 0.0068
187.54 2.58 0.305 0.34 5.75 0.0041 0.0059
202.6 2.58 0.305 0.34 5.75 0.0003 0.0054
217.66 2.58 0.305 0.34 5.75 -0.0043 0.0063
232.73 2.58 0.305 0.34 5.75 -0.0136 0.0071
247.79 2.58 0.305 0.34 5.75 0.0032 0.0079
262.86 2.58 0.305 0.34 5.75 -0.0109 0.0068
277.93 2.58 0.305 0.34 5.75 -0.0263 0.0077
293.01 2.58 0.305 0.34 5.75 -0.0332 0.0126
307.9 2.58 0.305 0.34 5.75 -0.0153 0.0145
322.23 2.58 0.305 0.34 5.75 -0.0216 0.0166
336.51 2.58 0.305 0.34 5.75 -0.0785 0.028
38.18 2.58 0.305 0.45 5.75 0.0628 0.0123
51.9 2.58 0.305 0.45 5.75 0.0209 0.0078
66.93 2.58 0.305 0.45 5.75 0.0184 0.0068
82.03 2.58 0.305 0.45 5.75 0.0064 0.0069
97.11 2.58 0.305 0.45 5.75 0.0087 0.005
112.19 2.58 0.305 0.45 5.75 0.0015 0.0039
127.26 2.58 0.305 0.45 5.75 0.0012 0.0046
142.33 2.58 0.305 0.45 5.75 -0.0048 0.005
157.4 2.58 0.305 0.45 5.75 0.0052 0.0047
172.47 2.58 0.305 0.45 5.75 -0.0052 0.0066
187.53 2.58 0.305 0.45 5.75 -0.0125 0.0078
202.6 2.58 0.305 0.45 5.75 -0.011 0.007
217.67 2.58 0.305 0.45 5.75 0.0029 0.0047
232.74 2.58 0.305 0.45 5.75 -0.0039 0.0051
247.81 2.58 0.305 0.45 5.75 -0.0062 0.005
262.89 2.58 0.305 0.45 5.75 0.0006 0.0048
277.97 2.58 0.305 0.45 5.75 -0.0023 0.0057
293.07 2.58 0.305 0.45 5.75 -0.0106 0.0073
308.1 2.58 0.305 0.45 5.75 -0.0304 0.0098
321.82 2.58 0.305 0.45 5.75 -0.0252 0.0121
7.47 2.22 0.333 0.16 5.75 -0.0232 0.0363
22.42 2.22 0.333 0.16 5.75 0.0219 0.0385
37.37 2.22 0.333 0.16 5.75 0.0937 0.0312
52.34 2.22 0.333 0.16 5.75 0.0439 0.0302
307.66 2.22 0.333 0.16 5.75 -0.0068 0.0425
322.63 2.22 0.333 0.16 5.75 -0.0423 0.0402
337.58 2.22 0.333 0.16 5.75 0.0087 0.0245
352.53 2.22 0.333 0.16 5.75 0.0241 0.0288
7.44 2.23 0.335 0.2 5.75 -0.0136 0.0219
22.35 2.23 0.335 0.2 5.75 0.0337 0.0198
37.27 2.23 0.335 0.2 5.75 0.0455 0.0152
52.23 2.23 0.335 0.2 5.75 0.0483 0.0148
67.21 2.23 0.335 0.2 5.75 0.0225 0.0149
82.22 2.23 0.335 0.2 5.75 -0.0187 0.0131
97.23 2.23 0.335 0.2 5.75 -0.034 0.0143
112.26 2.23 0.335 0.2 5.75 0.0222 0.0139
127.3 2.23 0.335 0.2 5.75 -0.0021 0.0196
247.74 2.23 0.335 0.2 5.75 -0.0289 0.0142
262.77 2.23 0.335 0.2 5.75 -0.0008 0.0177
292.79 2.23 0.335 0.2 5.75 -0.0406 0.017
307.77 2.23 0.335 0.2 5.75 -0.0481 0.0181
322.73 2.23 0.335 0.2 5.75 -0.0536 0.0158
337.65 2.23 0.335 0.2 5.75 -0.0111 0.0153
352.56 2.23 0.335 0.2 5.75 0.0016 0.019
7.41 2.23 0.335 0.26 5.75 -0.03 0.0168
22.26 2.23 0.335 0.26 5.75 0.0192 0.0164
37.17 2.23 0.335 0.26 5.75 0.0158 0.0125
52.13 2.23 0.335 0.26 5.75 0.0342 0.0115
67.13 2.23 0.335 0.26 5.75 0.0081 0.0079
82.15 2.23 0.335 0.26 5.75 0.0136 0.0134
112.23 2.23 0.335 0.26 5.75 -0.0337 0.0194
127.28 2.23 0.335 0.26 5.75 0.0018 0.0161
247.77 2.23 0.335 0.26 5.75 -0.0016 0.0205
277.85 2.23 0.335 0.26 5.75 -0.0074 0.0109
292.87 2.23 0.335 0.26 5.75 -0.009 0.0147
307.87 2.23 0.335 0.26 5.75 -0.0319 0.0157
322.83 2.23 0.335 0.26 5.75 -0.0203 0.0125
337.74 2.23 0.335 0.26 5.75 -0.0009 0.0136
352.59 2.23 0.335 0.26 5.75 -0.0006 0.0155
7.35 2.23 0.335 0.34 5.75 0.0037 0.0145
22.13 2.23 0.335 0.34 5.75 0.0399 0.014
37.04 2.23 0.335 0.34 5.75 0.0135 0.0093
52.02 2.23 0.335 0.34 5.75 0.0223 0.008
67.04 2.23 0.335 0.34 5.75 0.0146 0.0076
82.08 2.23 0.335 0.34 5.75 0.0339 0.0088
277.92 2.23 0.335 0.34 5.75 -0.0182 0.0079
292.96 2.23 0.335 0.34 5.75 0.0006 0.0102
307.98 2.23 0.335 0.34 5.75 -0.0141 0.0108
322.96 2.23 0.335 0.34 5.75 0.0005 0.0102
337.87 2.23 0.335 0.34 5.75 -0.0354 0.0116
352.65 2.23 0.335 0.34 5.75 -0.0119 0.0123
7.4 2.23 0.335 0.45 5.75 -0.0081 0.0115
21.94 2.23 0.335 0.45 5.75 0.0252 0.0098
36.86 2.23 0.335 0.45 5.75 0.0136 0.0072
51.89 2.23 0.335 0.45 5.75 0.0081 0.0058
66.95 2.23 0.335 0.45 5.75 0.0064 0.0041
82.02 2.23 0.335 0.45 5.75 0.0018 0.0066
97.1 2.23 0.335 0.45 5.75 0.0012 0.0102
277.98 2.23 0.335 0.45 5.75 -0.0127 0.0051
293.05 2.23 0.335 0.45 5.75 -0.0232 0.0066
308.11 2.23 0.335 0.45 5.75 -0.0052 0.0082
323.14 2.23 0.335 0.45 5.75 -0.0015 0.007
338.06 2.23 0.335 0.45 5.75 -0.0091 0.0074
352.6 2.23 0.335 0.45 5.75 0.0085 0.0095
22.42 2.77 0.333 0.16 5.75 -0.0602 0.0674
37.37 2.77 0.333 0.16 5.75 -0.0264 0.065
337.58 2.77 0.333 0.16 5.75 -0.0609 0.0562
352.53 2.77 0.333 0.16 5.75 -0.067 0.0464
7.5 2.78 0.335 0.2 5.75 -0.016 0.0241
22.42 2.78 0.335 0.2 5.75 -0.0014 0.02
37.29 2.78 0.335 0.2 5.75 0.0249 0.0183
52.22 2.78 0.335 0.2 5.75 -0.0165 0.0156
67.22 2.78 0.335 0.2 5.75 0.003 0.0178
82.23 2.78 0.335 0.2 5.75 0.0271 0.0185
97.25 2.78 0.335 0.2 5.75 0.0087 0.0132
112.29 2.78 0.335 0.2 5.75 0.001 0.0104
127.33 2.78 0.335 0.2 5.75 0.02 0.0127
142.37 2.78 0.335 0.2 5.75 0.0186 0.0186
157.42 2.78 0.335 0.2 5.75 -0.0178 0.0222
172.48 2.78 0.335 0.2 5.75 -0.0075 0.0202
187.52 2.78 0.335 0.2 5.75 0.031 0.0309
202.58 2.78 0.335 0.2 5.75 -0.017 0.0141
217.63 2.78 0.335 0.2 5.75 -0.0174 0.0155
232.67 2.78 0.335 0.2 5.75 -0.0259 0.0181
247.71 2.78 0.335 0.2 5.75 -0.0238 0.0122
262.75 2.78 0.335 0.2 5.75 -0.015 0.0125
277.77 2.78 0.335 0.2 5.75 0.0014 0.018
292.78 2.78 0.335 0.2 5.75 -0.0366 0.0228
307.78 2.78 0.335 0.2 5.75 -0.0616 0.0209
322.71 2.78 0.335 0.2 5.75 -0.0326 0.0171
337.58 2.78 0.335 0.2 5.75 -0.0062 0.0185
352.5 2.78 0.335 0.2 5.75 -0.0044 0.0238
7.6 2.78 0.335 0.26 5.75 0.0018 0.0196
22.58 2.78 0.335 0.26 5.75 0.0079 0.0195
37.36 2.78 0.335 0.26 5.75 0.0182 0.0136
52.11 2.78 0.335 0.26 5.75 0.0104 0.0124
67.13 2.78 0.335 0.26 5.75 0.0381 0.0116
82.16 2.78 0.335 0.26 5.75 0.0276 0.0132
97.2 2.78 0.335 0.26 5.75 -0.0006 0.0117
112.25 2.78 0.335 0.26 5.75 0.0113 0.0076
127.3 2.78 0.335 0.26 5.75 0.0086 0.0062
142.36 2.78 0.335 0.26 5.75 -0.0019 0.0084
157.41 2.78 0.335 0.26 5.75 -0.0076 0.0067
172.47 2.78 0.335 0.26 5.75 0.0097 0.0075
187.53 2.78 0.335 0.26 5.75 0.0088 0.0082
202.59 2.78 0.335 0.26 5.75 -0.0058 0.0064
217.64 2.78 0.335 0.26 5.75 -0.0208 0.0075
232.7 2.78 0.335 0.26 5.75 0.0042 0.0079
247.75 2.78 0.335 0.26 5.75 -0.0148 0.0082
262.8 2.78 0.335 0.26 5.75 -0.0035 0.0094
277.84 2.78 0.335 0.26 5.75 -0.0091 0.0095
292.87 2.78 0.335 0.26 5.75 -0.0212 0.0123
307.89 2.78 0.335 0.26 5.75 -0.0495 0.0147
322.64 2.78 0.335 0.26 5.75 -0.0098 0.0145
337.42 2.78 0.335 0.26 5.75 -0.0365 0.0161
352.4 2.78 0.335 0.26 5.75 0.0041 0.0204
7.72 2.78 0.335 0.34 5.75 -0.0316 0.0263
22.73 2.78 0.335 0.34 5.75 0.0162 0.0185
37.54 2.78 0.335 0.34 5.75 0.0302 0.0114
51.99 2.78 0.335 0.34 5.75 0.0362 0.0101
67.04 2.78 0.335 0.34 5.75 -0.005 0.0091
82.1 2.78 0.335 0.34 5.75 0.019 0.0083
97.16 2.78 0.335 0.34 5.75 0.0052 0.0067
112.22 2.78 0.335 0.34 5.75 0.0132 0.0061
127.28 2.78 0.335 0.34 5.75 0.0033 0.0048
142.35 2.78 0.335 0.34 5.75 0.0047 0.0051
157.41 2.78 0.335 0.34 5.75 0.0091 0.006
172.47 2.78 0.335 0.34 5.75 0.0014 0.0055
187.53 2.78 0.335 0.34 5.75 0.0078 0.0044
202.59 2.78 0.335 0.34 5.75 0.0001 0.0047
217.65 2.78 0.335 0.34 5.75 -0.0065 0.0052
232.72 2.78 0.335 0.34 5.75 -0.0017 0.0059
247.78 2.78 0.335 0.34 5.75 -0.0137 0.0072
262.84 2.78 0.335 0.34 5.75 -0.0039 0.0063
277.9 2.78 0.335 0.34 5.75 -0.0059 0.0075
292.96 2.78 0.335 0.34 5.75 -0.0155 0.0085
308.01 2.78 0.335 0.34 5.75 -0.0289 0.0107
322.46 2.78 0.335 0.34 5.75 -0.0077 0.0121
337.27 2.78 0.335 0.34 5.75 -0.0097 0.0148
352.28 2.78 0.335 0.34 5.75 -0.0121 0.0221
23.43 2.78 0.335 0.45 5.75 -0.0152 0.017
37.7 2.78 0.335 0.45 5.75 0.0082 0.0084
51.87 2.78 0.335 0.45 5.75 0.0149 0.0062
66.97 2.78 0.335 0.45 5.75 0.0101 0.0061
82.05 2.78 0.335 0.45 5.75 0.0175 0.0044
97.13 2.78 0.335 0.45 5.75 0.0053 0.0044
112.2 2.78 0.335 0.45 5.75 0.0036 0.0039
127.27 2.78 0.335 0.45 5.75 0.0056 0.004
142.34 2.78 0.335 0.45 5.75 0.0013 0.0042
157.41 2.78 0.335 0.45 5.75 -0.0021 0.0041
172.48 2.78 0.335 0.45 5.75 -0.0014 0.005
187.52 2.78 0.335 0.45 5.75 -0.0013 0.0062
202.59 2.78 0.335 0.45 5.75 0.0058 0.0035
217.66 2.78 0.335 0.45 5.75 -0.0032 0.0028
232.73 2.78 0.335 0.45 5.75 -0.0099 0.0045
247.8 2.78 0.335 0.45 5.75 -0.0071 0.0048
262.87 2.78 0.335 0.45 5.75 -0.005 0.0037
277.95 2.78 0.335 0.45 5.75 -0.0157 0.004
293.03 2.78 0.335 0.45 5.75 -0.0221 0.0061
308.13 2.78 0.335 0.45 5.75 -0.0159 0.0075
322.3 2.78 0.335 0.45 5.75 -0.0315 0.0089
336.57 2.78 0.335 0.45 5.75 -0.0157 0.0146
7.46 2.35 0.365 0.2 5.75 0.0254 0.0151
22.4 2.35 0.365 0.2 5.75 -0.0165 0.0161
37.35 2.35 0.365 0.2 5.75 -0.0026 0.0125
52.31 2.35 0.365 0.2 5.75 0.012 0.0128
67.29 2.35 0.365 0.2 5.75 0.0191 0.0127
82.29 2.35 0.365 0.2 5.75 0.0074 0.0112
97.3 2.35 0.365 0.2 5.75 0.0547 0.0263
112.32 2.35 0.365 0.2 5.75 0.0271 0.0325
262.7 2.35 0.365 0.2 5.75 -0.0153 0.0271
277.71 2.35 0.365 0.2 5.75 -0.0549 0.0217
292.71 2.35 0.365 0.2 5.75 0.0008 0.0268
307.69 2.35 0.365 0.2 5.75 -0.0186 0.0145
322.65 2.35 0.365 0.2 5.75 -0.0255 0.0158
337.6 2.35 0.365 0.2 5.75 -0.0111 0.0128
352.54 2.35 0.365 0.2 5.75 0.0025 0.015
7.44 2.35 0.365 0.26 5.75 0.0052 0.0119
22.32 2.35 0.365 0.26 5.75 -0.0043 0.0104
37.24 2.35 0.365 0.26 5.75 0.0097 0.0095
52.2 2.35 0.365 0.26 5.75 0.0126 0.0082
67.19 2.35 0.365 0.26 5.75 -0.0023 0.0088
82.2 2.35 0.365 0.26 5.75 0.0087 0.0119
97.22 2.35 0.365 0.26 5.75 0.0225 0.0174
112.26 2.35 0.365 0.26 5.75 0.0339 0.0233
262.78 2.35 0.365 0.26 5.75 -0.0034 0.0148
277.8 2.35 0.365 0.26 5.75 -0.0306 0.0133
292.81 2.35 0.365 0.26 5.75 -0.0179 0.0111
307.8 2.35 0.365 0.26 5.75 -0.0095 0.0101
322.76 2.35 0.365 0.26 5.75 -0.0082 0.0099
337.68 2.35 0.365 0.26 5.75 -0.0083 0.0108
352.56 2.35 0.365 0.26 5.75 -0.015 0.0128
7.39 2.35 0.365 0.34 5.75 0.0298 0.0112
22.22 2.35 0.365 0.34 5.75 0.0096 0.0116
37.12 2.35 0.365 0.34 5.75 0.0138 0.0087
52.09 2.35 0.365 0.34 5.75 0.0183 0.0064
67.09 2.35 0.365 0.34 5.75 0.0146 0.007
82.12 2.35 0.365 0.34 5.75 0.0152 0.0116
97.17 2.35 0.365 0.34 5.75 0.0006 0.0131
277.88 2.35 0.365 0.34 5.75 -0.0147 0.0097
292.91 2.35 0.365 0.34 5.75 -0.0035 0.0074
307.91 2.35 0.365 0.34 5.75 -0.0134 0.0078
322.88 2.35 0.365 0.34 5.75 -0.0071 0.0091
337.78 2.35 0.365 0.34 5.75 -0.0099 0.0081
352.61 2.35 0.365 0.34 5.75 -0.0145 0.0085
7.31 2.35 0.365 0.45 5.75 0.0073 0.0081
22.05 2.35 0.365 0.45 5.75 0.0124 0.0076
36.96 2.35 0.365 0.45 5.75 0.0193 0.0062
51.96 2.35 0.365 0.45 5.75 0.0106 0.0047
67 2.35 0.365 0.45 5.75 0.0061 0.004
277.95 2.35 0.365 0.45 5.75 0.0014 0.0063
293 2.35 0.365 0.45 5.75 -0.0009 0.0045
308.04 2.35 0.365 0.45 5.75 -0.0199 0.0064
323.04 2.35 0.365 0.45 5.75 -0.0246 0.0062
337.95 2.35 0.365 0.45 5.75 -0.0151 0.0066
352.69 2.35 0.365 0.45 5.75 -0.0108 0.007
7.46 2.97 0.364 0.2 5.75 -0.0263 0.0181
22.4 2.97 0.364 0.2 5.75 0.0111 0.0166
37.35 2.97 0.364 0.2 5.75 0.0132 0.0128
52.32 2.97 0.364 0.2 5.75 -0.0201 0.0129
67.31 2.97 0.364 0.2 5.75 -0.0014 0.0145
82.31 2.97 0.364 0.2 5.75 0.012 0.0153
97.32 2.97 0.364 0.2 5.75 0.0111 0.0151
112.34 2.97 0.364 0.2 5.75 -0.0026 0.0184
127.37 2.97 0.364 0.2 5.75 -0.0048 0.0197
247.66 2.97 0.364 0.2 5.75 -0.0119 0.0148
262.68 2.97 0.364 0.2 5.75 -0.0216 0.0168
277.69 2.97 0.364 0.2 5.75 -0.014 0.0165
292.69 2.97 0.364 0.2 5.75 -0.0151 0.0159
307.68 2.97 0.364 0.2 5.75 -0.0064 0.0153
322.65 2.97 0.364 0.2 5.75 -0.011 0.017
337.6 2.97 0.364 0.2 5.75 0.0078 0.0164
352.54 2.97 0.364 0.2 5.75 0.0033 0.0206
7.44 2.97 0.365 0.26 5.75 0.0084 0.0137
22.39 2.97 0.365 0.26 5.75 -0.0257 0.0128
37.23 2.97 0.365 0.26 5.75 0.005 0.0116
52.19 2.97 0.365 0.26 5.75 0.029 0.0093
67.19 2.97 0.365 0.26 5.75 0.0167 0.0116
82.21 2.97 0.365 0.26 5.75 0.0028 0.0086
97.24 2.97 0.365 0.26 5.75 0.0121 0.0079
112.28 2.97 0.365 0.26 5.75 0.0082 0.0067
127.32 2.97 0.365 0.26 5.75 0.0088 0.0065
142.37 2.97 0.365 0.26 5.75 -0.0031 0.0113
157.42 2.97 0.365 0.26 5.75 0.0145 0.0128
172.48 2.97 0.365 0.26 5.75 0.0169 0.0174
202.58 2.97 0.365 0.26 5.75 -0.0133 0.0098
232.68 2.97 0.365 0.26 5.75 -0.0123 0.008
247.72 2.97 0.365 0.26 5.75 -0.015 0.0065
262.76 2.97 0.365 0.26 5.75 -0.0061 0.0062
277.79 2.97 0.365 0.26 5.75 -0.0091 0.0098
292.81 2.97 0.365 0.26 5.75 -0.0349 0.0119
307.81 2.97 0.365 0.26 5.75 -0.0212 0.0133
322.77 2.97 0.365 0.26 5.75 -0.0163 0.0118
337.61 2.97 0.365 0.26 5.75 -0.0064 0.0122
352.56 2.97 0.365 0.26 5.75 0.0161 0.0143
7.48 2.97 0.365 0.34 5.75 -0.0142 0.0142
22.49 2.97 0.365 0.34 5.75 0.0061 0.0118
37.22 2.97 0.365 0.34 5.75 0.0143 0.0084
52.07 2.97 0.365 0.34 5.75 0.0013 0.007
67.1 2.97 0.365 0.34 5.75 0.0029 0.0067
82.14 2.97 0.365 0.34 5.75 0.0053 0.008
97.19 2.97 0.365 0.34 5.75 0.0058 0.0062
112.24 2.97 0.365 0.34 5.75 -0.0028 0.0043
127.3 2.97 0.365 0.34 5.75 0.0107 0.0042
142.35 2.97 0.365 0.34 5.75 -0.0018 0.0038
157.41 2.97 0.365 0.34 5.75 0.0024 0.0046
172.47 2.97 0.365 0.34 5.75 -0.0036 0.0054
187.53 2.97 0.365 0.34 5.75 -0.0021 0.005
202.59 2.97 0.365 0.34 5.75 -0.0049 0.0043
217.65 2.97 0.365 0.34 5.75 -0.0056 0.004
232.7 2.97 0.365 0.34 5.75 -0.0047 0.0045
247.76 2.97 0.365 0.34 5.75 0.0102 0.004
262.81 2.97 0.365 0.34 5.75 -0.0059 0.0049
277.86 2.97 0.365 0.34 5.75 -0.0022 0.0065
292.9 2.97 0.365 0.34 5.75 -0.0048 0.007
307.93 2.97 0.365 0.34 5.75 -0.0121 0.0089
322.78 2.97 0.365 0.34 5.75 -0.0282 0.0089
337.51 2.97 0.365 0.34 5.75 -0.0083 0.0104
352.52 2.97 0.365 0.34 5.75 0.0065 0.0123
7.76 2.97 0.365 0.45 5.75 0.0032 0.0138
22.66 2.97 0.365 0.45 5.75 -0.0025 0.0105
37.33 2.97 0.365 0.45 5.75 0.0144 0.0061
51.94 2.97 0.365 0.45 5.75 0.0133 0.0051
67.01 2.97 0.365 0.45 5.75 0.0026 0.0044
82.08 2.97 0.365 0.45 5.75 0.0064 0.0042
97.15 2.97 0.365 0.45 5.75 0.0043 0.0045
112.22 2.97 0.365 0.45 5.75 -0.0004 0.0029
127.28 2.97 0.365 0.45 5.75 -0.0011 0.0035
157.42 2.97 0.365 0.45 5.75 0.0104 0.0046
172.49 2.97 0.365 0.45 5.75 -0.0032 0.0033
187.51 2.97 0.365 0.45 5.75 -0.0034 0.0032
202.58 2.97 0.365 0.45 5.75 -0.0012 0.0031
232.72 2.97 0.365 0.45 5.75 0.0015 0.0035
247.78 2.97 0.365 0.45 5.75 0.0045 0.0032
262.85 2.97 0.365 0.45 5.75 0.0016 0.0033
277.92 2.97 0.365 0.45 5.75 -0.0076 0.0035
292.99 2.97 0.365 0.45 5.75 -0.0023 0.0043
308.06 2.97 0.365 0.45 5.75 -0.0343 0.0063
322.67 2.97 0.365 0.45 5.75 -0.0111 0.0065
337.34 2.97 0.365 0.45 5.75 -0.0242 0.009
352.24 2.97 0.365 0.45 5.75 -0.006 0.0137
22.44 2.44 0.393 0.21 5.75 0.0218 0.0221
37.41 2.44 0.393 0.21 5.75 -0.0019 0.0225
52.39 2.44 0.393 0.21 5.75 -0.0008 0.0273
307.61 2.44 0.393 0.21 5.75 0.0054 0.017
322.59 2.44 0.393 0.21 5.75 -0.0448 0.0212
337.56 2.44 0.393 0.21 5.75 -0.007 0.0182
352.52 2.44 0.393 0.21 5.75 -0.0159 0.0265
7.46 2.48 0.4 0.26 5.75 -0.0219 0.0095
22.38 2.48 0.4 0.26 5.75 0.0174 0.0097
37.32 2.48 0.4 0.26 5.75 0.018 0.0094
52.29 2.48 0.4 0.26 5.75 0.0029 0.0086
67.27 2.48 0.4 0.26 5.75 0.0044 0.0093
262.71 2.48 0.4 0.26 5.75 -0.0121 0.0128
277.73 2.48 0.4 0.26 5.75 0.0033 0.0117
292.73 2.48 0.4 0.26 5.75 -0.0257 0.011
307.71 2.48 0.4 0.26 5.75 -0.007 0.0087
322.68 2.48 0.4 0.26 5.75 -0.0224 0.0078
337.62 2.48 0.4 0.26 5.75 -0.0001 0.008
352.54 2.48 0.4 0.26 5.75 0.0018 0.0073
7.42 2.48 0.399 0.34 5.75 0.0069 0.0067
22.29 2.48 0.399 0.34 5.75 -0.0005 0.0076
37.21 2.48 0.399 0.34 5.75 0.0085 0.006
52.17 2.48 0.399 0.34 5.75 0.0089 0.0057
67.16 2.48 0.399 0.34 5.75 0.0046 0.0054
82.18 2.48 0.399 0.34 5.75 -0.0112 0.0102
292.84 2.48 0.399 0.34 5.75 0.0091 0.0088
307.83 2.48 0.399 0.34 5.75 -0.0112 0.0064
322.79 2.48 0.399 0.34 5.75 -0.022 0.0065
337.71 2.48 0.399 0.34 5.75 -0.0105 0.0063
352.58 2.48 0.399 0.34 5.75 0.0052 0.0065
7.37 2.48 0.399 0.45 5.75 0.0024 0.005
22.16 2.48 0.399 0.45 5.75 0.0052 0.0049
37.06 2.48 0.399 0.45 5.75 0.0108 0.0037
52.04 2.48 0.399 0.45 5.75 0.0047 0.0033
67.06 2.48 0.399 0.45 5.75 0.0035 0.004
292.94 2.48 0.399 0.45 5.75 0.0061 0.005
307.96 2.48 0.399 0.45 5.75 -0.0051 0.004
322.94 2.48 0.399 0.45 5.75 -0.0044 0.0037
337.84 2.48 0.399 0.45 5.75 -0.0041 0.0041
352.63 2.48 0.399 0.45 5.75 -0.0093 0.0042
7.48 3.12 0.391 0.21 5.75 0.0219 0.0178
22.45 3.12 0.391 0.21 5.75 -0.0193 0.0258
37.42 3.12 0.391 0.21 5.75 -0.0292 0.0202
52.4 3.12 0.391 0.21 5.75 -0.0121 0.0161
67.39 3.12 0.391 0.21 5.75 0.0661 0.0292
82.39 3.12 0.391 0.21 5.75 0.0436 0.0344
292.61 3.12 0.391 0.21 5.75 -0.0479 0.0299
307.6 3.12 0.391 0.21 5.75 0.0441 0.0257
322.58 3.12 0.391 0.21 5.75 -0.0316 0.0195
337.55 3.12 0.391 0.21 5.75 0.01 0.0193
352.52 3.12 0.391 0.21 5.75 -0.0104 0.0236
7.46 3.18 0.399 0.26 5.75 0.0021 0.0077
22.38 3.18 0.399 0.26 5.75 0.0155 0.0086
37.33 3.18 0.399 0.26 5.75 0.0014 0.0081
52.3 3.18 0.399 0.26 5.75 -0.0001 0.0065
67.29 3.18 0.399 0.26 5.75 0.0125 0.0062
82.29 3.18 0.399 0.26 5.75 -0.0032 0.0067
97.31 3.18 0.399 0.26 5.75 0.0065 0.0079
232.63 3.18 0.399 0.26 5.75 -0.0031 0.0145
247.66 3.18 0.399 0.26 5.75 0.0006 0.0083
262.69 3.18 0.399 0.26 5.75 -0.0087 0.0059
277.71 3.18 0.399 0.26 5.75 0.0021 0.0066
292.71 3.18 0.399 0.26 5.75 -0.0146 0.0064
307.7 3.18 0.399 0.26 5.75 -0.0218 0.0079
322.67 3.18 0.399 0.26 5.75 -0.0093 0.0074
337.62 3.18 0.399 0.26 5.75 -0.0104 0.0077
352.54 3.18 0.399 0.26 5.75 -0.0036 0.0084
7.46 3.18 0.4 0.34 5.75 -0.0066 0.0069
22.33 3.18 0.4 0.34 5.75 0.0071 0.0072
37.19 3.18 0.4 0.34 5.75 0.0045 0.0059
52.17 3.18 0.4 0.34 5.75 0.0119 0.0053
67.17 3.18 0.4 0.34 5.75 0.0107 0.0054
82.2 3.18 0.4 0.34 5.75 0.0047 0.0041
97.23 3.18 0.4 0.34 5.75 0.0043 0.0044
112.27 3.18 0.4 0.34 5.75 -0.0012 0.003
127.32 3.18 0.4 0.34 5.75 -0.002 0.0038
157.43 3.18 0.4 0.34 5.75 -0.0124 0.0104
202.57 3.18 0.4 0.34 5.75 -0.001 0.0088
217.63 3.18 0.4 0.34 5.75 0.0008 0.0056
232.68 3.18 0.4 0.34 5.75 -0.0039 0.0048
247.73 3.18 0.4 0.34 5.75 -0.0014 0.0033
262.77 3.18 0.4 0.34 5.75 -0.0145 0.0036
277.8 3.18 0.4 0.34 5.75 -0.0029 0.0043
292.83 3.18 0.4 0.34 5.75 -0.0053 0.0057
307.83 3.18 0.4 0.34 5.75 -0.0221 0.0069
322.81 3.18 0.4 0.34 5.75 -0.0024 0.006
337.67 3.18 0.4 0.34 5.75 -0.0136 0.0061
352.54 3.18 0.4 0.34 5.75 0.003 0.0068
7.52 3.18 0.4 0.45 5.75 0.0033 0.0064
22.49 3.18 0.4 0.45 5.75 0.0019 0.0057
37.08 3.18 0.4 0.45 5.75 0.0034 0.0044
52.03 3.18 0.4 0.45 5.75 0.0037 0.0035
67.07 3.18 0.4 0.45 5.75 0.0015 0.0031
82.12 3.18 0.4 0.45 5.75 0.003 0.0036
97.18 3.18 0.4 0.45 5.75 0.0038 0.0028
112.24 3.18 0.4 0.45 5.75 0.0018 0.0024
127.29 3.18 0.4 0.45 5.75 -0.0023 0.0026
142.34 3.18 0.4 0.45 5.75 0.0018 0.0035
157.41 3.18 0.4 0.45 5.75 0.004 0.0025
172.46 3.18 0.4 0.45 5.75 -0.0038 0.003
202.59 3.18 0.4 0.45 5.75 -0.0031 0.0029
232.71 3.18 0.4 0.45 5.75 -0.0006 0.0024
247.76 3.18 0.4 0.45 5.75 -0.0062 0.003
262.82 3.18 0.4 0.45 5.75 -0.0071 0.0023
277.88 3.18 0.4 0.45 5.75 -0.0085 0.0029
292.93 3.18 0.4 0.45 5.75 -0.0076 0.0039
307.97 3.18 0.4 0.45 5.75 -0.0123 0.0049
322.92 3.18 0.4 0.45 5.75 -0.0033 0.0044
337.51 3.18 0.4 0.45 5.75 -0.007 0.0048
352.48 3.18 0.4 0.45 5.75 -0.0087 0.0058
7.48 2.81 0.433 0.27 5.75 0.0005 0.009
22.44 2.81 0.433 0.27 5.75 -0.0096 0.0072
37.41 2.81 0.433 0.27 5.75 0.0206 0.01
67.37 2.81 0.433 0.27 5.75 0.006 0.0085
82.38 2.81 0.433 0.27 5.75 -0.0109 0.0109
307.61 2.81 0.433 0.27 5.75 -0.0098 0.0107
322.59 2.81 0.433 0.27 5.75 0.0027 0.0081
337.56 2.81 0.433 0.27 5.75 -0.0044 0.0077
352.52 2.81 0.433 0.27 5.75 0.0053 0.008
7.46 2.96 0.449 0.34 5.75 0.0032 0.0041
22.38 2.96 0.449 0.34 5.75 -0.002 0.0038
37.33 2.96 0.449 0.34 5.75 -0.0006 0.0035
52.3 2.96 0.449 0.34 5.75 0.0085 0.0035
67.29 2.96 0.449 0.34 5.75 0.007 0.0031
97.32 2.96 0.449 0.34 5.75 0.0017 0.0044
292.71 2.96 0.449 0.34 5.75 -0.0008 0.0045
307.7 2.96 0.449 0.34 5.75 -0.0077 0.0047
322.67 2.96 0.449 0.34 5.75 -0.0101 0.0043
337.62 2.96 0.449 0.34 5.75 -0.0029 0.0037
7.42 3.05 0.461 0.45 5.75 -0.0018 0.0021
22.29 3.05 0.461 0.45 5.75 0.0025 0.0021
37.22 3.05 0.461 0.45 5.75 0.0029 0.0026
52.19 3.05 0.461 0.45 5.75 0.0025 0.002
67.19 3.05 0.461 0.45 5.75 0.0006 0.0022
82.22 3.05 0.461 0.45 5.75 0.0019 0.0018
262.75 3.05 0.461 0.45 5.75 -0.0039 0.0028
277.78 3.05 0.461 0.45 5.75 -0.0014 0.0031
292.81 3.05 0.461 0.45 5.75 -0.0053 0.0028
307.81 3.05 0.461 0.45 5.75 -0.0053 0.0022
322.78 3.05 0.461 0.45 5.75 -0.0058 0.0021
337.71 3.05 0.461 0.45 5.75 -0.0019 0.0019
352.58 3.05 0.461 0.45 5.75 0.0026 0.002
7.48 3.5 0.43 0.28 5.75 0.0101 0.0141
22.44 3.5 0.43 0.28 5.75 0.0002 0.0091
37.41 3.5 0.43 0.28 5.75 -0.0032 0.0109
52.39 3.5 0.43 0.28 5.75 0.0102 0.0103
67.38 3.5 0.43 0.28 5.75 -0.0125 0.0119
82.38 3.5 0.43 0.28 5.75 0.0309 0.0192
97.39 3.5 0.43 0.28 5.75 -0.0001 0.0329
292.62 3.5 0.43 0.28 5.75 -0.0018 0.0166
307.61 3.5 0.43 0.28 5.75 0.01 0.0141
322.59 3.5 0.43 0.28 5.75 -0.0153 0.0148
337.56 3.5 0.43 0.28 5.75 0.0152 0.0125
352.52 3.5 0.43 0.28 5.75 0.0057 0.0136
7.46 3.63 0.451 0.34 5.75 0.0041 0.0049
22.38 3.63 0.451 0.34 5.75 0.0078 0.0055
37.33 3.63 0.451 0.34 5.75 0.0064 0.0047
52.31 3.63 0.451 0.34 5.75 0.0057 0.0036
67.31 3.63 0.451 0.34 5.75 0.0063 0.0038
82.32 3.63 0.451 0.34 5.75 0.0011 0.0047
97.34 3.63 0.451 0.34 5.75 0.0046 0.0041
247.64 3.63 0.451 0.34 5.75 0.0046 0.0054
262.66 3.63 0.451 0.34 5.75 -0.0031 0.0045
277.68 3.63 0.451 0.34 5.75 0.0019 0.0046
292.69 3.63 0.451 0.34 5.75 -0.0025 0.0051
307.69 3.63 0.451 0.34 5.75 -0.0059 0.0042
322.67 3.63 0.451 0.34 5.75 -0.0075 0.0043
337.62 3.63 0.451 0.34 5.75 -0.0024 0.004
352.54 3.63 0.451 0.34 5.75 -0.0129 0.0042
7.45 3.77 0.475 0.45 5.75 0.0015 0.0026
22.32 3.77 0.475 0.45 5.75 -0.0022 0.0025
37.23 3.77 0.475 0.45 5.75 0.0011 0.002
52.22 3.77 0.475 0.45 5.75 0.004 0.0016
67.23 3.77 0.475 0.45 5.75 0.0034 0.0014
82.26 3.77 0.475 0.45 5.75 0.0031 0.0015
97.29 3.77 0.475 0.45 5.75 0.0039 0.0019
112.33 3.77 0.475 0.45 5.75 0.0005 0.0017
262.71 3.77 0.475 0.45 5.75 0.0011 0.0016
277.74 3.77 0.475 0.45 5.75 -0.0013 0.0019
292.77 3.77 0.475 0.45 5.75 -0.0024 0.0015
307.78 3.77 0.475 0.45 5.75 -0.0036 0.0022
322.77 3.77 0.475 0.45 5.75 -0.0005 0.002
337.68 3.77 0.475 0.45 5.75 -0.0006 0.0022
352.55 3.77 0.475 0.45 5.75 -0.0025 0.0024
