# phi(deg) q2(GeV2) xb t(GeV2) Eb(GeV) A sigA
7.116275 1.086558 0.161870 -0.157243 6.535 -0.009177 0.270453
23.219833 1.101917 0.160430 -0.164514 6.535 0.131116 0.207280
38.750274 1.137222 0.154354 -0.188284 6.535 0.199551 0.135242
52.940635 1.164879 0.147866 -0.185819 6.535 0.252769 0.088778
68.526736 1.193274 0.142701 -0.182136 6.535 0.275985 0.034805
86.566441 1.191978 0.139502 -0.184888 6.535 0.274149 0.037389
104.359810 1.194878 0.138081 -0.187512 6.535 0.241570 0.034839
122.570953 1.185048 0.137010 -0.188496 6.535 0.235288 0.039141
143.166009 1.189348 0.139337 -0.191418 6.535 0.112676 0.034456
167.792662 1.196371 0.138946 -0.194351 6.535 0.028784 0.038374
192.878235 1.182745 0.138049 -0.195168 6.535 -0.057827 0.035802
216.543228 1.187606 0.138414 -0.190041 6.535 -0.113593 0.026850
237.352471 1.198595 0.138795 -0.187557 6.535 -0.228209 0.032346
255.111665 1.195039 0.139289 -0.183178 6.535 -0.247904 0.037505
273.652594 1.196281 0.141164 -0.180498 6.535 -0.250202 0.042064
291.018513 1.198148 0.144313 -0.179334 6.535 -0.292569 0.062573
306.998951 1.178978 0.149184 -0.173803 6.535 -0.259540 0.106624
322.254423 1.133709 0.155445 -0.169897 6.535 -0.212949 0.033604
336.689697 1.105079 0.160007 -0.167066 6.535 -0.139185 0.368759
26.815061 1.063487 0.161635 -0.299976 6.535 0.074628 0.255959
39.138660 1.117321 0.155834 -0.306444 6.535 0.185568 0.085188
52.600269 1.164198 0.149780 -0.307529 6.535 0.238585 0.155119
68.852284 1.191093 0.144199 -0.307426 6.535 0.301860 0.099611
86.821864 1.189126 0.140947 -0.308686 6.535 0.242386 0.041053
104.572643 1.198688 0.141085 -0.307160 6.535 0.232207 0.035377
122.418805 1.198855 0.142343 -0.304965 6.535 0.212906 0.042100
143.200713 1.186503 0.143409 -0.307281 6.535 0.101372 0.040149
167.557679 1.177596 0.142523 -0.308728 6.535 0.045948 0.040590
192.869955 1.196090 0.143034 -0.308655 6.535 -0.028372 0.037304
216.055233 1.196064 0.142129 -0.309135 6.535 -0.082851 0.032423
236.786987 1.205460 0.140909 -0.303024 6.535 -0.196150 0.040901
254.936315 1.209983 0.143326 -0.306470 6.535 -0.212990 0.041638
273.911077 1.205437 0.143558 -0.305441 6.535 -0.355176 0.077668
291.325759 1.187297 0.144185 -0.309082 6.535 -0.213321 0.035210
307.041188 1.158827 0.146118 -0.317837 6.535 -0.251636 0.053938
321.105614 1.107818 0.155418 -0.314372 6.535 -0.211224 0.063760
335.636647 1.079176 0.164071 -0.279752 6.535 -0.295072 0.149768
38.855737 1.118604 0.156215 -0.456365 6.535 0.195256 0.179452
52.660028 1.160739 0.147379 -0.459750 6.535 0.124940 0.068203
68.586226 1.177304 0.144414 -0.456685 6.535 0.208476 0.043569
86.744708 1.193867 0.142447 -0.457844 6.535 0.230253 0.039765
104.484251 1.194960 0.142335 -0.456166 6.535 0.102973 0.045565
122.648435 1.188746 0.143108 -0.459545 6.535 0.066832 0.052174
144.039716 1.193780 0.142560 -0.458955 6.535 0.124784 0.049251
167.179309 1.186564 0.143199 -0.455862 6.535 0.005517 0.049014
192.791816 1.178908 0.143622 -0.458665 6.535 -0.067939 0.044289
216.099269 1.197945 0.142675 -0.458456 6.535 -0.015585 0.040713
236.656086 1.201762 0.141436 -0.456844 6.535 -0.075580 0.054297
255.370076 1.173906 0.143728 -0.461847 6.535 -0.070754 0.052735
273.450967 1.195079 0.143830 -0.458945 6.535 -0.198485 0.053632
292.234278 1.187663 0.143374 -0.466210 6.535 -0.237368 0.057880
307.876598 1.166296 0.145014 -0.465390 6.535 -0.194294 0.131309
320.626820 1.111529 0.152388 -0.474722 6.535 -0.152868 0.049801
331.833562 1.043336 0.160829 -0.473582 6.535 -0.037529 0.274044
25.879927 1.089968 0.150001 -0.806638 6.535 0.089184 0.693014
37.960847 1.153583 0.143589 -0.749086 6.535 0.087358 0.144244
52.097146 1.180435 0.141840 -0.711872 6.535 0.077198 0.086189
68.620948 1.190065 0.145129 -0.695780 6.535 0.135300 0.046588
86.587355 1.189879 0.145392 -0.698490 6.535 0.115114 0.048481
104.383322 1.192914 0.143587 -0.699184 6.535 0.062184 0.054588
122.413004 1.185778 0.142418 -0.693645 6.535 0.033243 0.063723
143.709487 1.179444 0.142182 -0.704951 6.535 0.030303 0.058979
167.754182 1.199768 0.142075 -0.701939 6.535 0.053412 0.063686
192.592339 1.187104 0.143945 -0.702176 6.535 0.049867 0.054234
215.867248 1.196382 0.143181 -0.699903 6.535 -0.069387 0.050645
237.414732 1.186790 0.143029 -0.702933 6.535 -0.085888 0.066911
255.971810 1.171373 0.143148 -0.695765 6.535 -0.190007 0.065962
273.082994 1.186463 0.142964 -0.692315 6.535 -0.108334 0.058244
292.389002 1.189467 0.142356 -0.704322 6.535 -0.058379 0.041485
307.864284 1.176866 0.145272 -0.696874 6.535 -0.103739 0.043228
321.456454 1.145694 0.149959 -0.707991 6.535 -0.076731 0.034328
334.991443 1.098230 0.146169 -0.793239 6.535 -0.072888 0.150868
8.219103 1.168848 0.141978 -1.569558 6.535 0.012150 0.080621
21.624125 1.169683 0.139573 -1.415429 6.535 -0.023414 0.105438
37.023626 1.183651 0.146274 -1.255508 6.535 -0.002784 0.032549
51.545099 1.198882 0.142862 -1.260012 6.535 -0.023106 0.047872
68.483577 1.198303 0.144669 -1.262274 6.535 -0.015433 0.063095
86.055251 1.181936 0.146686 -1.307904 6.535 0.089124 0.074827
104.318470 1.175253 0.147077 -1.370793 6.535 0.070622 0.102283
122.372971 1.167904 0.146086 -1.358410 6.535 0.025053 0.114163
143.678431 1.179328 0.145568 -1.405687 6.535 -0.023055 0.083799
166.483773 1.155461 0.147312 -1.318967 6.535 -0.105690 0.140376
192.562137 1.175536 0.148202 -1.282635 6.535 0.073715 0.106264
215.515563 1.181226 0.146737 -1.369928 6.535 -0.010763 0.082095
237.977597 1.175350 0.147444 -1.359258 6.535 -0.003732 0.100388
254.698525 1.161094 0.145991 -1.260219 6.535 0.122515 0.115125
273.388610 1.187761 0.145121 -1.313172 6.535 -0.085648 0.105536
291.631828 1.191268 0.144923 -1.270747 6.535 -0.009366 0.058246
307.471205 1.186083 0.145379 -1.248961 6.535 -0.071725 0.051726
323.057761 1.180155 0.144821 -1.304109 6.535 0.059831 0.054456
337.897769 1.149634 0.144126 -1.402617 6.535 0.018706 0.036036
351.967947 1.153588 0.144893 -1.573777 6.535 0.031032 0.053941
6.931184 1.096841 0.208679 -0.212002 6.535 0.084020 0.044456
22.463890 1.096764 0.209444 -0.214949 6.535 0.135526 0.050916
37.480452 1.098059 0.206038 -0.222627 6.535 0.194030 0.064586
52.080754 1.100900 0.206690 -0.227320 6.535 0.296867 0.065124
68.346891 1.098177 0.206055 -0.225449 6.535 0.259488 0.043122
86.186920 1.096395 0.207133 -0.230679 6.535 0.297873 0.051451
104.010932 1.097122 0.203785 -0.242260 6.535 0.115827 0.061265
121.112579 1.095461 0.192834 -0.250082 6.535 0.142499 0.091875
141.223117 1.104830 0.183926 -0.254930 6.535 0.027823 0.108296
168.150336 1.107273 0.180551 -0.261383 6.535 0.323414 0.164290
193.261057 1.102389 0.179017 -0.261606 6.535 0.031181 0.160665
217.496368 1.103219 0.182239 -0.257065 6.535 -0.047578 0.101700
238.428757 1.103842 0.191709 -0.247132 6.535 -0.303742 0.118415
256.144132 1.098383 0.200876 -0.236636 6.535 -0.166945 0.081944
273.534186 1.098013 0.205411 -0.231003 6.535 -0.335669 0.057040
291.456088 1.099737 0.206251 -0.224037 6.535 -0.335854 0.041631
308.078295 1.099636 0.209349 -0.215048 6.535 -0.239537 0.050378
323.070219 1.098919 0.206618 -0.209402 6.535 -0.231958 0.075961
337.995162 1.100629 0.205554 -0.214107 6.535 -0.155886 0.060241
352.239726 1.095253 0.207941 -0.214363 6.535 -0.048945 0.021747
6.303820 1.099644 0.229193 -0.379862 6.535 0.079638 0.053724
23.764599 1.091809 0.211420 -0.395592 6.535 0.189259 0.193485
37.047020 1.095894 0.204186 -0.395575 6.535 0.224199 0.139831
51.772797 1.097955 0.208393 -0.391376 6.535 0.238190 0.052237
68.433966 1.097425 0.212497 -0.388241 6.535 0.236545 0.064437
87.163939 1.095622 0.213989 -0.390722 6.535 0.182084 0.082871
104.116117 1.094863 0.216834 -0.387437 6.535 0.049460 0.086551
122.767649 1.095077 0.215764 -0.408338 6.535 0.128390 0.122560
141.846138 1.092185 0.205282 -0.405567 6.535 -0.049919 0.102218
167.882583 1.094054 0.195496 -0.403452 6.535 0.002429 0.120018
193.221622 1.106016 0.191709 -0.405573 6.535 -0.116700 0.110399
215.626708 1.095427 0.195727 -0.401929 6.535 -0.186133 0.142307
238.253375 1.083413 0.211244 -0.405952 6.535 0.113594 0.142543
255.157587 1.101439 0.216809 -0.392503 6.535 -0.033923 0.078525
273.708593 1.097501 0.212141 -0.390982 6.535 -0.188629 0.083438
291.215112 1.099155 0.210233 -0.389551 6.535 -0.199155 0.060111
307.907746 1.094514 0.211938 -0.392933 6.535 -0.120942 0.055665
322.982902 1.093706 0.211321 -0.392060 6.535 -0.168581 0.071113
337.804833 1.097691 0.217745 -0.384638 6.535 -0.166585 0.097184
352.289507 1.096379 0.227715 -0.382117 6.535 -0.100482 0.037256
6.029845 1.099353 0.239405 -0.529839 6.535 0.094211 0.130186
23.827819 1.093840 0.218412 -0.543741 6.535 0.133112 0.228713
36.920004 1.099956 0.212895 -0.537119 6.535 0.165301 0.081602
51.387156 1.095151 0.211381 -0.539256 6.535 0.122006 0.063955
68.028167 1.095067 0.212498 -0.543524 6.535 0.205487 0.070300
86.873522 1.097933 0.216222 -0.542702 6.535 0.015398 0.087830
104.743440 1.091516 0.223252 -0.542312 6.535 0.004091 0.090466
124.044200 1.078651 0.230463 -0.539596 6.535 -0.070650 0.186412
142.298077 1.087684 0.224249 -0.548894 6.535 0.124596 0.161046
169.059694 1.114429 0.212598 -0.544772 6.535 0.031485 0.195997
190.544072 1.102830 0.214346 -0.545952 6.535 -0.077411 0.208027
218.732351 1.091718 0.226636 -0.558845 6.535 -0.274741 0.397574
237.512422 1.090958 0.229634 -0.555814 6.535 0.091217 0.182356
255.541016 1.084010 0.221622 -0.550273 6.535 -0.108152 0.137990
273.363801 1.095110 0.218451 -0.535884 6.535 0.019102 0.095737
291.470819 1.097006 0.216954 -0.540867 6.535 -0.047474 0.069050
307.859345 1.092260 0.210447 -0.544519 6.535 -0.124225 0.057960
323.051600 1.093412 0.207638 -0.544734 6.535 -0.132249 0.064617
336.120424 1.090046 0.218508 -0.546475 6.535 -0.142146 0.135452
351.758340 1.109791 0.239894 -0.518249 6.535 -0.004252 0.336864
14.377181 1.155007 0.255911 -0.731900 6.535 0.326277 1.379652
23.438382 1.098254 0.226148 -0.710394 6.535 0.134175 0.106148
36.669253 1.100711 0.218828 -0.706073 6.535 0.070296 0.050346
51.811665 1.099892 0.215414 -0.709914 6.535 0.058842 0.071138
69.271247 1.097109 0.216684 -0.711749 6.535 0.035226 0.063055
86.986986 1.089562 0.218196 -0.711086 6.535 0.051629 0.087742
105.153489 1.082947 0.229538 -0.714973 6.535 0.038899 0.134899
122.300986 1.096808 0.283840 -0.721361 6.535 0.066617 0.337780
143.108461 1.094827 0.232839 -0.727802 6.535 0.018225 0.185548
166.725689 1.101502 0.212990 -0.723121 6.535 0.078151 0.181110
192.261099 1.082890 0.210962 -0.740979 6.535 -0.197254 0.285660
214.867465 1.084965 0.227163 -0.724183 6.535 -0.005465 0.153320
235.527063 1.114637 0.277704 -0.732443 6.535 -0.228591 0.597306
255.014813 1.099854 0.232307 -0.724132 6.535 -0.198623 0.209199
272.455596 1.092051 0.220998 -0.705606 6.535 -0.052763 0.092839
291.781724 1.092820 0.214252 -0.723143 6.535 -0.084863 0.069767
308.095092 1.101236 0.210361 -0.715076 6.535 0.011404 0.057459
322.853480 1.097260 0.210034 -0.718341 6.535 -0.055862 0.047971
336.042295 1.092250 0.219587 -0.720050 6.535 -0.109813 0.079000
346.822519 1.083548 0.220419 -0.748134 6.535 0.265895 0.773357
7.454276 1.099853 0.211948 -1.322362 6.535 -0.021768 0.045823
21.766587 1.096549 0.214270 -1.164636 6.535 0.037928 0.078648
36.030810 1.100514 0.210784 -1.159705 6.535 -0.078291 0.052875
51.630014 1.093015 0.212999 -1.185108 6.535 -0.048852 0.088813
68.090103 1.095931 0.218125 -1.249418 6.535 -0.149356 0.303745
87.661701 1.063839 0.260120 -1.315436 6.535 0.136490 1.274667
122.072414 0.980612 0.400266 -2.617035 6.535 -0.674250 14.070510
121.649565 1.088921 0.251086 -1.039366 6.535 -0.023160 0.319211
143.575660 1.087287 0.208792 -1.098433 6.535 0.191141 0.227658
167.389940 1.094018 0.192006 -1.078246 6.535 -0.034009 0.155673
189.068906 1.078603 0.198796 -1.101823 6.535 0.215866 0.559737
217.031992 1.076276 0.209346 -1.043032 6.535 -0.272708 0.366880
237.023933 1.055692 0.271884 -1.148054 6.535 -0.161893 0.572139
273.722316 1.093675 0.225739 -1.232379 6.535 0.081336 0.375558
291.640011 1.097808 0.224136 -1.176986 6.535 0.051320 0.128694
308.150355 1.099189 0.214673 -1.099852 6.535 0.014689 0.068363
323.354575 1.103440 0.212644 -1.112350 6.535 0.021157 0.049992
338.486526 1.098257 0.213326 -1.190149 6.535 0.034213 0.073804
350.893625 1.097467 0.213575 -1.300823 6.535 -0.040171 0.032131
6.820851 1.291886 0.218377 -0.213375 6.535 -0.021919 0.086624
22.587051 1.295249 0.217080 -0.216596 6.535 0.133928 0.035409
37.540229 1.295872 0.210027 -0.230179 6.535 0.245914 0.045507
52.112011 1.297734 0.207061 -0.228511 6.535 0.305327 0.071035
68.332832 1.300041 0.207652 -0.228503 6.535 0.299540 0.049010
85.797382 1.294104 0.206576 -0.233192 6.535 0.236714 0.048736
103.947226 1.302587 0.199432 -0.236660 6.535 0.269262 0.068980
121.886698 1.300305 0.192750 -0.245188 6.535 0.223336 0.080827
141.990767 1.300706 0.185378 -0.256811 6.535 0.107151 0.093951
166.912555 1.298067 0.180048 -0.259088 6.535 0.004513 0.132301
192.469357 1.305038 0.183300 -0.266148 6.535 -0.052448 0.106019
218.406958 1.296479 0.183960 -0.256152 6.535 -0.095421 0.081919
237.473682 1.297324 0.191962 -0.244830 6.535 -0.159546 0.073944
256.137444 1.302568 0.201782 -0.238700 6.535 -0.325899 0.073172
273.598649 1.300311 0.205763 -0.229410 6.535 -0.271002 0.046100
291.276268 1.298137 0.207791 -0.224928 6.535 -0.322833 0.043484
307.996947 1.295034 0.211202 -0.214826 6.535 -0.280820 0.057645
323.119877 1.297385 0.210879 -0.214558 6.535 -0.187254 0.043060
337.512202 1.292368 0.214053 -0.215189 6.535 -0.141294 0.053741
352.168076 1.291050 0.218710 -0.215111 6.535 -0.063390 0.036871
6.308011 1.289901 0.242101 -0.391470 6.535 0.003522 0.176943
23.783548 1.289706 0.225309 -0.406799 6.535 0.109002 0.045744
37.302448 1.293972 0.211334 -0.410076 6.535 0.158190 0.067237
51.994364 1.296868 0.212829 -0.405275 6.535 0.234769 0.054661
68.254184 1.302492 0.212645 -0.402983 6.535 0.249108 0.059214
86.658623 1.294607 0.219663 -0.404874 6.535 0.312092 0.075979
104.920611 1.291465 0.217355 -0.404758 6.535 0.127215 0.091038
122.324964 1.293893 0.209476 -0.409438 6.535 0.012410 0.092701
142.371959 1.294179 0.201638 -0.412629 6.535 0.018607 0.091296
167.754812 1.291417 0.198623 -0.419013 6.535 0.184895 0.111909
193.179904 1.296163 0.196442 -0.404867 6.535 -0.198361 0.118034
216.676204 1.295850 0.201315 -0.415388 6.535 0.037132 0.099571
237.841275 1.296264 0.210771 -0.404367 6.535 -0.153215 0.096795
255.518325 1.296790 0.222300 -0.409552 6.535 -0.068916 0.082103
273.437472 1.291954 0.216653 -0.407214 6.535 -0.107574 0.068583
291.444960 1.296511 0.216838 -0.403303 6.535 -0.173957 0.061029
307.952115 1.293197 0.213655 -0.405204 6.535 -0.214737 0.081840
322.833971 1.290812 0.216470 -0.406335 6.535 -0.202449 0.110882
337.781861 1.294280 0.227676 -0.397844 6.535 -0.167281 0.102021
352.247502 1.289659 0.241701 -0.397142 6.535 -0.132116 0.463242
6.516393 1.285944 0.248560 -0.550336 6.535 0.037522 0.194622
24.315163 1.284458 0.233861 -0.578052 6.535 0.078736 0.297162
36.674233 1.293742 0.219559 -0.573255 6.535 0.140334 0.049130
51.603574 1.294467 0.218493 -0.567813 6.535 0.116149 0.058903
67.905103 1.298614 0.213131 -0.571382 6.535 0.053744 0.068670
87.380840 1.296038 0.215817 -0.578267 6.535 0.218763 0.105345
104.403660 1.294664 0.221860 -0.564897 6.535 -0.067555 0.108049
123.510267 1.281080 0.225889 -0.571422 6.535 0.028078 0.116091
142.885787 1.293004 0.221421 -0.589991 6.535 0.152381 0.153200
166.936355 1.281911 0.217795 -0.571181 6.535 -0.115999 0.169690
192.379343 1.292349 0.212681 -0.579622 6.535 -0.043027 0.142644
215.795923 1.286848 0.226633 -0.579628 6.535 -0.076172 0.116929
236.963099 1.288117 0.223375 -0.578100 6.535 -0.256380 0.165974
255.019802 1.292325 0.219591 -0.565973 6.535 -0.115424 0.139457
273.016070 1.293977 0.220762 -0.574172 6.535 -0.241512 0.084152
291.863541 1.290902 0.221438 -0.574499 6.535 -0.221601 0.083918
308.066030 1.297838 0.209633 -0.571157 6.535 -0.227669 0.074307
322.753962 1.293060 0.213008 -0.578256 6.535 -0.207318 0.068775
336.123082 1.284102 0.234706 -0.573640 6.535 -0.122899 0.294630
351.716662 1.297968 0.255009 -0.544460 6.535 0.028301 0.341083
20.730000 1.366963 0.133111 -0.485012 6.535 2.583069 12.055561
23.980097 1.291505 0.237090 -0.789540 6.535 0.073583 0.098071
36.599723 1.290092 0.225199 -0.780820 6.535 0.147463 0.063684
51.983367 1.296930 0.222306 -0.778610 6.535 0.161122 0.081817
68.727747 1.298959 0.217299 -0.765225 6.535 0.239235 0.109010
86.744848 1.290056 0.224914 -0.793209 6.535 -0.041158 0.107831
104.172979 1.285425 0.225477 -0.794046 6.535 0.109824 0.123761
122.623765 1.262107 0.261275 -0.797425 6.535 -0.166315 0.349550
144.383659 1.290914 0.237275 -0.789804 6.535 0.120552 0.165693
167.694225 1.290101 0.226421 -0.799094 6.535 -0.085143 0.138291
192.424943 1.287842 0.224848 -0.793865 6.535 0.036537 0.139558
216.527538 1.296476 0.235159 -0.785623 6.535 0.107916 0.212015
236.519511 1.273740 0.250716 -0.845459 6.535 0.096143 0.365869
255.460540 1.283897 0.226909 -0.810498 6.535 0.110381 0.175940
272.734756 1.295379 0.227743 -0.791415 6.535 -0.123859 0.115777
292.062404 1.297734 0.221637 -0.790460 6.535 -0.265123 0.090180
308.526257 1.291966 0.218014 -0.790806 6.535 -0.021753 0.061216
322.916462 1.292299 0.214988 -0.793187 6.535 -0.120159 0.091977
335.613419 1.282467 0.232390 -0.796887 6.535 -0.031539 0.244559
333.141892 1.357889 0.100189 -1.108454 6.535 4.093562 26.061046
6.868400 1.289145 0.219092 -1.564080 6.535 -0.028076 0.168882
22.266750 1.288169 0.221721 -1.352420 6.535 0.036424 0.044528
36.018363 1.296817 0.214852 -1.288281 6.535 -0.115366 0.080097
52.157896 1.292012 0.218224 -1.315756 6.535 0.047835 0.082318
68.440743 1.291725 0.216757 -1.371315 6.535 0.029964 0.138809
87.548453 1.280127 0.243815 -1.340401 6.535 0.082318 0.394992
108.388368 1.303384 0.303954 -1.457189 6.535 -0.065397 0.937405
125.554121 1.268704 0.270247 -1.177791 6.535 -0.106266 0.433290
143.539724 1.290647 0.224698 -1.230831 6.535 0.374546 0.365088
168.052015 1.300254 0.211121 -1.223498 6.535 -0.022778 0.181411
192.561147 1.299616 0.214488 -1.296385 6.535 0.294251 0.368397
214.871257 1.291768 0.227149 -1.249177 6.535 -0.163535 0.270718
234.585650 1.238285 0.285578 -1.257621 6.535 -0.724486 2.210398
249.252949 1.224151 0.331813 -1.716103 6.535 -0.214446 1.805756
272.189557 1.299762 0.231877 -1.367060 6.535 0.310487 0.610032
292.226296 1.295525 0.223730 -1.313291 6.535 0.109519 0.144689
307.676816 1.292102 0.218714 -1.244709 6.535 -0.061610 0.073029
322.817626 1.294053 0.220987 -1.245562 6.535 -0.063561 0.050366
338.015789 1.287974 0.221937 -1.365218 6.535 0.015052 0.063541
351.117033 1.285598 0.222044 -1.542207 6.535 -0.024602 0.037701
7.141420 1.671022 0.235426 -0.213352 6.535 0.063137 0.124900
22.357570 1.675991 0.234117 -0.213996 6.535 0.112659 0.148501
37.883605 1.692581 0.223792 -0.227503 6.535 0.204506 0.044377
52.351533 1.710356 0.214237 -0.228901 6.535 0.268015 0.089891
68.363717 1.717230 0.212380 -0.228960 6.535 0.286811 0.034430
86.198021 1.707571 0.210389 -0.233985 6.535 0.312795 0.034173
104.482663 1.708671 0.206582 -0.240137 6.535 0.280173 0.039363
122.334314 1.681377 0.198296 -0.243876 6.535 0.156236 0.050667
142.519139 1.663432 0.193656 -0.247603 6.535 0.150704 0.058612
167.543384 1.640772 0.189674 -0.251910 6.535 0.094171 0.071939
193.348077 1.657473 0.190356 -0.254374 6.535 -0.033133 0.066941
216.988005 1.665630 0.194603 -0.247692 6.535 -0.168829 0.047969
237.779530 1.661775 0.197298 -0.240234 6.535 -0.274783 0.042425
256.092745 1.703310 0.207752 -0.237664 6.535 -0.297630 0.034762
273.741527 1.715569 0.212275 -0.228628 6.535 -0.319246 0.030554
291.358773 1.736018 0.215338 -0.223412 6.535 -0.272190 0.033864
307.813162 1.718028 0.218588 -0.217991 6.535 -0.249266 0.031801
323.047563 1.704951 0.225944 -0.218181 6.535 -0.230173 0.064057
337.271470 1.672471 0.230948 -0.215838 6.535 -0.140938 0.030139
352.117707 1.674546 0.234681 -0.213182 6.535 -0.046974 0.032392
6.603799 1.620450 0.251574 -0.381902 6.535 0.039329 0.075105
23.904056 1.657680 0.242201 -0.402784 6.535 0.160736 0.151265
38.050944 1.706218 0.228070 -0.404360 6.535 0.255970 0.108568
51.931707 1.739973 0.223346 -0.403233 6.535 0.304652 0.066668
68.015606 1.750388 0.220831 -0.399900 6.535 0.305746 0.036933
86.377196 1.746923 0.220213 -0.398707 6.535 0.269178 0.040169
104.813963 1.728949 0.219231 -0.401670 6.535 0.272185 0.043401
122.673257 1.726520 0.216285 -0.403119 6.535 0.243789 0.052347
143.032087 1.742085 0.212579 -0.402884 6.535 0.162124 0.052182
167.332377 1.745535 0.211367 -0.412423 6.535 0.039847 0.054171
192.460948 1.715687 0.209320 -0.410109 6.535 -0.125310 0.049272
216.643666 1.711978 0.210331 -0.404532 6.535 -0.149968 0.043108
236.673765 1.752469 0.218721 -0.403309 6.535 -0.115871 0.053003
255.425508 1.735021 0.221660 -0.399447 6.535 -0.309788 0.052919
273.647047 1.741232 0.222168 -0.398846 6.535 -0.244676 0.040266
291.395245 1.752052 0.221858 -0.401113 6.535 -0.306391 0.046100
307.476317 1.731513 0.223542 -0.403152 6.535 -0.269019 0.089962
322.493701 1.718444 0.234151 -0.397000 6.535 -0.226128 0.097948
337.237737 1.666660 0.243750 -0.385803 6.535 -0.135392 0.244982
352.012275 1.599721 0.250156 -0.383894 6.535 -0.022673 0.188196
7.451629 1.569245 0.257199 -0.553480 6.535 0.319829 0.249788
24.726780 1.607934 0.247731 -0.596093 6.535 0.111647 0.593086
37.888298 1.689799 0.233989 -0.590051 6.535 0.142181 0.034447
52.056106 1.729584 0.227816 -0.590860 6.535 0.241473 0.059418
68.127642 1.745423 0.223862 -0.589974 6.535 0.279155 0.042439
86.856915 1.755500 0.219760 -0.594130 6.535 0.206003 0.052746
104.582009 1.716485 0.218421 -0.592585 6.535 0.107015 0.055016
122.811200 1.737255 0.220896 -0.592901 6.535 0.163610 0.069347
143.664139 1.725152 0.224891 -0.587607 6.535 0.062682 0.061846
167.683041 1.731672 0.223194 -0.596423 6.535 -0.057854 0.065130
192.632630 1.714918 0.222567 -0.590624 6.535 0.053618 0.061495
216.229798 1.710720 0.221326 -0.589520 6.535 -0.144527 0.059531
236.646096 1.737763 0.220209 -0.592807 6.535 -0.128325 0.064531
255.596978 1.717049 0.222649 -0.598544 6.535 -0.122356 0.069163
273.260443 1.723526 0.221400 -0.588191 6.535 -0.191259 0.061302
291.752450 1.728185 0.223946 -0.591376 6.535 -0.201928 0.046402
308.020272 1.703079 0.217705 -0.598996 6.535 -0.216844 0.038928
321.684899 1.673882 0.225417 -0.604616 6.535 -0.145566 0.154797
336.380692 1.592345 0.248681 -0.588322 6.535 -0.164943 0.071352
350.906485 1.570380 0.257716 -0.549226 6.535 -0.022416 0.827070
25.621098 1.578502 0.241928 -0.864455 6.535 -0.014104 0.181523
37.538503 1.681434 0.226331 -0.861178 6.535 0.157952 0.048928
52.016468 1.727280 0.226644 -0.860225 6.535 0.164865 0.050009
68.633288 1.725348 0.227110 -0.860658 6.535 0.185451 0.054196
86.881236 1.714699 0.225904 -0.857407 6.535 0.233651 0.082830
104.382101 1.721705 0.221464 -0.861792 6.535 0.090708 0.068940
122.210615 1.673295 0.227713 -0.866675 6.535 0.127096 0.082350
144.185562 1.684546 0.231140 -0.867567 6.535 -0.028280 0.082685
167.343473 1.709769 0.233679 -0.869229 6.535 0.013803 0.084782
193.128233 1.690969 0.226656 -0.873794 6.535 -0.070542 0.073714
216.042714 1.680508 0.227982 -0.858576 6.535 -0.087575 0.071321
236.702408 1.684942 0.222926 -0.852290 6.535 -0.047396 0.102027
255.804483 1.710708 0.228523 -0.846461 6.535 -0.129471 0.084795
273.504089 1.712065 0.225565 -0.857096 6.535 -0.093642 0.064132
292.634855 1.702268 0.224993 -0.865659 6.535 -0.146283 0.053419
308.178160 1.712384 0.223047 -0.867614 6.535 -0.137457 0.041917
322.315983 1.684602 0.226308 -0.872359 6.535 -0.176882 0.154811
334.610860 1.574001 0.238309 -0.891620 6.535 -0.067367 0.099933
353.292857 1.601056 0.215539 -0.823929 6.535 0.503195 1.043379
7.872075 1.667338 0.221144 -1.890777 6.535 -0.012141 0.063855
23.133602 1.649155 0.228463 -1.575468 6.535 0.008975 0.044116
36.517175 1.717989 0.223483 -1.478122 6.535 0.035228 0.040892
51.509876 1.729471 0.225621 -1.498916 6.535 0.042841 0.052932
68.790423 1.713736 0.227211 -1.473281 6.535 0.087802 0.073893
86.199930 1.701065 0.225851 -1.525770 6.535 -0.180946 0.200853
104.820157 1.646031 0.231440 -1.627649 6.535 0.273774 0.259978
122.411175 1.651167 0.236029 -1.502509 6.535 -0.016864 0.121214
143.028674 1.664564 0.233337 -1.511444 6.535 0.035601 0.083875
167.346888 1.696378 0.229979 -1.515457 6.535 0.035626 0.112628
192.422694 1.696016 0.228108 -1.458032 6.535 0.138757 0.178234
216.526375 1.688855 0.232969 -1.479280 6.535 -0.065514 0.103947
236.751741 1.606996 0.237994 -1.618235 6.535 -0.077762 0.148334
255.404212 1.651928 0.236364 -1.623029 6.535 -0.302175 0.266586
273.107131 1.702902 0.233207 -1.632958 6.535 -0.265506 0.214001
291.659955 1.700631 0.226029 -1.492580 6.535 -0.025821 0.064509
308.175719 1.720668 0.227965 -1.413151 6.535 -0.043426 0.053713
322.802588 1.733751 0.229743 -1.425370 6.535 -0.012631 0.042475
337.748564 1.652943 0.226641 -1.608075 6.535 -0.003730 0.078940
351.960750 1.631387 0.226978 -1.859333 6.535 0.063036 0.097777
7.052839 1.622539 0.299291 -0.300304 6.535 0.078930 0.034731
22.280097 1.616699 0.298911 -0.298247 6.535 0.194740 0.080232
37.628904 1.609458 0.299202 -0.305396 6.535 0.206292 0.051827
52.189943 1.609378 0.297868 -0.309309 6.535 0.219955 0.047470
68.577114 1.598239 0.296711 -0.318105 6.535 0.360589 0.048743
86.222361 1.590586 0.295585 -0.339318 6.535 0.359746 0.116342
104.202404 1.553766 0.294632 -0.369651 6.535 0.193646 0.137561
120.100383 1.605257 0.286695 -0.400787 6.535 0.035688 0.207708
144.261330 1.570195 0.298555 -0.414383 6.535 0.797831 0.461126
169.006192 1.612399 0.291370 -0.394869 6.535 -0.374976 0.380140
198.050385 1.652638 0.293044 -0.317002 6.535 0.160737 0.374361
217.709582 1.533200 0.291697 -0.363289 6.535 -0.501161 0.452338
236.136223 1.703860 0.295429 -0.397948 6.535 -0.425195 0.437954
257.012024 1.537973 0.293285 -0.370204 6.535 -0.083187 0.153462
273.949866 1.546797 0.294271 -0.338860 6.535 -0.308017 0.091682
291.751408 1.593817 0.296988 -0.313426 6.535 -0.249319 0.047797
308.222173 1.612155 0.298813 -0.298913 6.535 -0.190740 0.038745
322.856202 1.627477 0.299667 -0.291949 6.535 -0.202483 0.042138
337.828251 1.620771 0.298748 -0.296007 6.535 -0.138308 0.037441
352.444209 1.624879 0.298118 -0.303058 6.535 -0.071177 0.027024
6.767877 1.629104 0.303708 -0.522500 6.535 0.000534 0.083108
22.765544 1.626632 0.302957 -0.528392 6.535 0.158237 0.111704
36.986743 1.621594 0.300631 -0.533681 6.535 0.220692 0.064618
52.245904 1.635796 0.303433 -0.526061 6.535 0.175280 0.060643
68.467221 1.600395 0.301638 -0.526747 6.535 0.083418 0.070624
86.801869 1.611176 0.308801 -0.519976 6.535 0.151241 0.100145
104.904863 1.555541 0.302784 -0.525490 6.535 0.237626 0.127967
122.254790 1.501853 0.299738 -0.538530 6.535 0.012111 0.123626
142.192940 1.547973 0.293757 -0.542402 6.535 0.005109 0.168982
165.277289 1.637766 0.290036 -0.556896 6.535 -0.354768 0.333021
194.365877 1.697655 0.286541 -0.557888 6.535 0.097525 0.212773
219.043245 1.557342 0.292749 -0.550066 6.535 0.146168 0.222968
237.588671 1.521961 0.302205 -0.539689 6.535 0.005386 0.151182
255.063790 1.594204 0.304682 -0.523580 6.535 -0.009430 0.096213
273.434937 1.593852 0.301833 -0.524740 6.535 -0.112563 0.076899
291.791556 1.590365 0.300847 -0.526170 6.535 -0.270736 0.069568
307.670396 1.630943 0.304928 -0.525848 6.535 -0.206861 0.070870
322.600060 1.619830 0.303844 -0.527408 6.535 -0.089039 0.053349
338.122910 1.644412 0.303127 -0.521765 6.535 -0.160951 0.109360
352.615267 1.609634 0.303520 -0.522778 6.535 -0.086009 0.184373
6.544620 1.647477 0.314915 -0.692013 6.535 -0.017178 0.067329
22.885510 1.589173 0.299114 -0.709914 6.535 0.126674 0.093769
36.224423 1.622135 0.301662 -0.707111 6.535 0.231648 0.136039
51.709894 1.593694 0.300752 -0.707151 6.535 0.166749 0.066091
68.083481 1.589913 0.301496 -0.712402 6.535 0.064818 0.080444
86.878390 1.582653 0.304968 -0.703136 6.535 0.034139 0.094761
105.850974 1.517071 0.310634 -0.707077 6.535 0.131658 0.232919
123.731002 1.477712 0.302524 -0.714392 6.535 0.021299 0.136111
140.761767 1.491714 0.301731 -0.706976 6.535 -0.161343 0.178825
163.409784 1.630168 0.290776 -0.731116 6.535 0.130729 0.238670
193.740345 1.597857 0.290662 -0.709831 6.535 0.297601 0.313727
216.545122 1.551304 0.296282 -0.712072 6.535 0.372396 0.362492
239.777679 1.379157 0.302397 -0.734228 6.535 -0.215146 0.290211
254.932573 1.498132 0.303870 -0.715874 6.535 0.151216 0.158347
273.280627 1.548240 0.303500 -0.698777 6.535 -0.055397 0.079829
291.355765 1.595153 0.302819 -0.701790 6.535 0.017463 0.079016
308.137829 1.597689 0.304218 -0.708670 6.535 -0.222736 0.087721
323.111704 1.627698 0.302968 -0.709291 6.535 -0.186954 0.114955
337.256505 1.582061 0.301237 -0.705422 6.535 -0.188510 0.205728
352.236680 1.688733 0.316880 -0.686315 6.535 -0.211412 0.453330
9.460135 1.667434 0.325753 -0.904082 6.535 0.380796 0.744104
22.766789 1.609099 0.305921 -0.912140 6.535 0.170599 0.226588
36.727312 1.652469 0.307739 -0.922355 6.535 0.107952 0.076124
52.478656 1.642244 0.305258 -0.909174 6.535 0.255096 0.075918
68.223418 1.585315 0.301382 -0.928037 6.535 0.126905 0.092438
86.749743 1.562780 0.305491 -0.941230 6.535 0.051578 0.128875
105.950965 1.493528 0.305371 -0.937362 6.535 0.036844 0.175170
124.384511 1.471035 0.314324 -0.922378 6.535 -0.171768 0.201735
141.651865 1.594822 0.312784 -0.899064 6.535 -0.179107 0.214924
167.177011 1.706975 0.300220 -0.933238 6.535 0.208393 0.236682
199.821444 1.645853 0.307312 -0.940178 6.535 -0.072534 0.508098
216.323777 1.491028 0.318373 -0.891566 6.535 -0.035266 0.270126
237.440633 1.441583 0.321802 -0.923413 6.535 0.021371 0.248212
253.515787 1.476112 0.308270 -0.933122 6.535 -0.073522 0.138689
272.522804 1.537900 0.301906 -0.935474 6.535 -0.122094 0.126102
291.583722 1.611207 0.304711 -0.919217 6.535 0.016440 0.086902
308.652032 1.613298 0.304254 -0.920905 6.535 -0.234566 0.081856
323.346706 1.595359 0.297256 -0.928169 6.535 -0.144113 0.070534
337.169950 1.592359 0.304335 -0.920742 6.535 -0.057322 0.053995
352.417937 1.690224 0.324927 -0.880781 6.535 -0.276970 0.344051
7.175775 1.584637 0.300893 -1.742838 6.535 -0.004943 0.047112
21.719830 1.630319 0.305163 -1.461479 6.535 -0.052549 0.083300
36.873091 1.665222 0.308263 -1.406169 6.535 0.080199 0.063197
51.296360 1.670491 0.309708 -1.433163 6.535 0.081913 0.115711
68.944811 1.616157 0.308330 -1.476521 6.535 0.172136 0.177372
95.578624 1.350680 0.338079 -2.242316 6.535 0.608816 4.935548
109.100048 1.100961 0.339833 -1.434986 6.535 0.421206 2.553463
122.871359 1.639612 0.327516 -1.270509 6.535 0.227015 0.337124
136.360997 1.498494 0.327344 -1.281015 6.535 1.749983 7.342100
169.689250 1.592839 0.279088 -1.126264 6.535 0.759092 2.272708
192.421800 1.839000 0.301964 -1.266336 6.535 -0.698495 1.376432
219.213939 1.687279 0.319403 -1.385091 6.535 -0.331918 0.612646
235.528506 1.541047 0.341665 -1.505792 6.535 -1.077193 2.853297
247.726087 1.183828 0.326957 -1.460454 6.535 0.064024 0.640007
270.012668 1.533158 0.328924 -1.931357 6.535 -0.648611 3.194895
291.687203 1.633981 0.310189 -1.504967 6.535 0.046009 0.194191
308.712614 1.649416 0.305971 -1.402262 6.535 -0.172939 0.109496
322.855513 1.682665 0.307421 -1.357094 6.535 -0.018688 0.061463
338.127765 1.628315 0.306154 -1.469378 6.535 -0.049461 0.045184
351.262380 1.582226 0.302093 -1.722418 6.535 0.032689 0.059846
6.954080 2.432535 0.342019 -0.379877 6.535 0.020646 0.033813
22.437204 2.435801 0.338491 -0.382837 6.535 0.119030 0.044857
37.358714 2.435960 0.332902 -0.399682 6.535 0.175373 0.038638
52.103236 2.458594 0.332759 -0.408753 6.535 0.251944 0.040004
68.002022 2.431591 0.329934 -0.418643 6.535 0.391850 0.038444
85.682090 2.454293 0.332950 -0.428434 6.535 0.328145 0.067799
104.314508 2.442130 0.330023 -0.454865 6.535 0.148681 0.072029
121.911769 2.428787 0.318502 -0.476764 6.535 0.162420 0.104497
141.911131 2.416418 0.306607 -0.481011 6.535 0.219776 0.113085
166.486619 2.398698 0.300500 -0.492202 6.535 0.165682 0.198598
192.363589 2.419951 0.298363 -0.490201 6.535 -0.263369 0.175805
217.755588 2.377392 0.301727 -0.488770 6.535 -0.207875 0.130155
238.772079 2.418273 0.317973 -0.471176 6.535 0.013141 0.114071
256.146241 2.468492 0.327407 -0.457392 6.535 -0.375493 0.109128
273.849328 2.428100 0.327167 -0.429685 6.535 -0.343348 0.063808
291.816565 2.460169 0.333029 -0.406424 6.535 -0.314390 0.041365
308.057124 2.449136 0.334586 -0.390000 6.535 -0.232110 0.033681
322.991251 2.446492 0.335222 -0.387466 6.535 -0.238954 0.043223
337.464762 2.415534 0.334324 -0.383681 6.535 -0.101665 0.023272
352.440612 2.429562 0.341258 -0.376353 6.535 -0.025321 0.024135
7.126708 2.620611 0.388353 -0.691548 6.535 0.075437 0.050269
22.940577 2.582128 0.370630 -0.697156 6.535 0.063549 0.055494
37.146113 2.525384 0.349553 -0.700606 6.535 0.266574 0.086371
51.935428 2.560537 0.355546 -0.696878 6.535 0.264722 0.051921
68.547233 2.572930 0.363465 -0.700556 6.535 0.249164 0.063743
86.970932 2.610302 0.372139 -0.699143 6.535 0.193455 0.072132
104.239849 2.543075 0.367068 -0.707039 6.535 0.386690 0.166253
122.467915 2.480437 0.359968 -0.713284 6.535 0.202263 0.095466
142.382672 2.449777 0.339717 -0.724172 6.535 0.184550 0.111952
167.123000 2.448493 0.315897 -0.707754 6.535 -0.117455 0.182141
191.711555 2.413566 0.314652 -0.705461 6.535 0.003170 0.130838
217.187007 2.419264 0.333248 -0.707473 6.535 -0.243350 0.166461
236.782242 2.429178 0.346809 -0.712333 6.535 0.102150 0.191672
254.952591 2.529970 0.367750 -0.703721 6.535 -0.297969 0.158264
274.038971 2.589485 0.368418 -0.698717 6.535 -0.288634 0.104901
291.951217 2.589785 0.366704 -0.690975 6.535 -0.309799 0.079455
308.074521 2.580903 0.363424 -0.697304 6.535 -0.394573 0.058841
323.216942 2.576495 0.367297 -0.694140 6.535 -0.228874 0.054876
337.519548 2.592445 0.374598 -0.698058 6.535 -0.118192 0.055840
352.389340 2.618944 0.390809 -0.694002 6.535 0.010446 0.045852
6.068994 2.749565 0.421049 -0.962472 6.535 0.097211 0.110437
23.658121 2.554958 0.379286 -1.006330 6.535 0.108066 0.103148
37.118876 2.588881 0.367585 -0.990604 6.535 0.194961 0.068958
51.810342 2.574763 0.371884 -0.977629 6.535 0.225132 0.072339
68.085878 2.632796 0.375723 -0.993661 6.535 0.131513 0.074770
87.417409 2.673767 0.388795 -1.001177 6.535 0.123421 0.073755
104.847382 2.598785 0.390824 -1.003577 6.535 0.132291 0.094021
124.094619 2.504774 0.379654 -0.992809 6.535 0.106321 0.101868
142.013336 2.494598 0.356542 -1.001225 6.535 -0.017319 0.118733
167.025315 2.450621 0.332749 -0.989660 6.535 0.242360 0.146251
194.406154 2.425697 0.326139 -0.993591 6.535 -0.091307 0.147850
217.927968 2.415057 0.357826 -1.004243 6.535 -0.080788 0.107522
238.051685 2.519546 0.383292 -1.013198 6.535 0.081712 0.183762
254.805360 2.524382 0.388047 -1.000121 6.535 -0.217185 0.170351
273.704998 2.616700 0.382030 -0.991633 6.535 -0.141493 0.110150
291.596758 2.678871 0.382091 -0.997020 6.535 -0.153017 0.072221
308.209675 2.585657 0.367634 -0.998623 6.535 -0.050017 0.065439
322.929571 2.548137 0.359576 -0.994071 6.535 -0.195443 0.074735
337.245800 2.582940 0.385285 -0.995330 6.535 -0.187332 0.143058
352.032007 2.758374 0.419486 -0.972308 6.535 -0.082473 0.120203
6.971165 3.202738 0.455490 -1.317986 6.535 -0.094705 0.342973
23.650742 2.571172 0.390227 -1.372121 6.535 0.136987 0.062882
36.946405 2.567226 0.372565 -1.354976 6.535 0.161906 0.111971
52.072775 2.642913 0.388789 -1.370644 6.535 0.154728 0.079154
68.957407 2.684485 0.395061 -1.365736 6.535 0.349604 0.134172
86.726934 2.601763 0.386240 -1.366019 6.535 -0.059935 0.145232
105.549340 2.557558 0.386754 -1.353893 6.535 0.357998 0.242708
123.422396 2.511289 0.392236 -1.380436 6.535 0.108490 0.122329
141.729524 2.391027 0.361336 -1.364203 6.535 -0.053099 0.231614
167.216664 2.271439 0.310541 -1.324716 6.535 0.264136 0.325835
193.372044 2.493667 0.337232 -1.344407 6.535 -0.177690 0.250690
220.205544 2.642534 0.393122 -1.363580 6.535 0.063441 0.226479
236.165040 2.520994 0.390778 -1.396732 6.535 -0.099194 0.164704
254.429885 2.490449 0.382855 -1.386297 6.535 -0.241931 0.246056
272.820776 2.609854 0.397100 -1.374257 6.535 0.114879 0.138197
291.723550 2.608146 0.386501 -1.359198 6.535 -0.135706 0.080944
307.875919 2.578643 0.372927 -1.357149 6.535 -0.200246 0.077954
323.178508 2.565620 0.371204 -1.371759 6.535 -0.072291 0.064614
336.895983 2.572404 0.388598 -1.373447 6.535 0.010975 0.188066
351.149138 2.974073 0.444081 -1.330662 6.535 -0.540130 0.787986
7.099222 2.427826 0.348154 -2.373978 6.535 -0.078756 0.065432
22.752446 2.550080 0.370955 -2.002790 6.535 0.026002 0.059973
35.713525 2.692555 0.377299 -1.970654 6.535 -0.060242 0.077587
52.741218 2.762033 0.390278 -2.056271 6.535 0.093013 0.118399
69.620841 2.835199 0.410438 -2.158808 6.535 -0.171914 0.255415
86.668083 2.661726 0.412890 -2.092932 6.535 0.207256 0.321004
105.698821 2.781454 0.426791 -2.129014 6.535 0.287015 0.563034
121.594987 2.661474 0.418113 -2.015814 6.535 -0.122180 0.360919
143.171152 2.652634 0.392653 -1.953563 6.535 0.429181 0.918242
173.388553 2.602466 0.354683 -1.898494 6.535 0.225035 0.896696
193.180089 2.515841 0.330277 -1.851757 6.535 0.355003 0.724010
220.790421 2.804715 0.407835 -2.078308 6.535 -0.262728 0.800971
238.880125 2.622523 0.436496 -2.075799 6.535 -0.307414 1.076848
254.899385 2.511514 0.397691 -1.970228 6.535 -0.452307 0.735292
273.519656 2.770773 0.418375 -1.988944 6.535 0.018270 0.163650
290.775489 2.629370 0.384343 -2.109044 6.535 0.023502 0.143234
308.959550 2.803166 0.388322 -1.926166 6.535 -0.174102 0.130029
322.306857 2.666195 0.378458 -1.972227 6.535 -0.214943 0.073401
337.890313 2.599740 0.377878 -2.046892 6.535 -0.036538 0.097396
351.226052 2.435429 0.359890 -2.264949 6.535 0.136307 0.167592
7.612518 1.125984 0.119143 -0.144667 7.546 0.050974 0.028873
22.773020 1.142947 0.115455 -0.148858 7.546 0.102531 0.022997
36.927117 1.162453 0.109986 -0.149569 7.546 0.129042 0.018884
51.062623 1.162373 0.107904 -0.149188 7.546 0.141818 0.029449
67.604998 1.138979 0.112228 -0.149803 7.546 0.262949 0.085377
86.493136 1.157497 0.114191 -0.154574 7.546 0.226283 0.055931
104.637733 1.167745 0.112229 -0.156299 7.546 0.301726 0.067602
122.486749 1.145060 0.110520 -0.158189 7.546 0.252121 0.067082
143.080755 1.151290 0.111692 -0.156257 7.546 0.064226 0.074313
167.642504 1.142084 0.113190 -0.158942 7.546 -0.051645 0.075941
193.379146 1.150222 0.112441 -0.159407 7.546 0.064714 0.063743
216.248937 1.151800 0.111003 -0.156564 7.546 -0.255851 0.069339
236.845084 1.145416 0.111684 -0.154892 7.546 -0.241675 0.061387
254.665264 1.151937 0.112796 -0.154849 7.546 -0.176916 0.059232
272.988054 1.148294 0.115191 -0.152079 7.546 -0.213256 0.055233
292.090714 1.136710 0.110083 -0.145972 7.546 -0.169731 0.071721
308.785842 1.165615 0.107565 -0.147467 7.546 -0.150354 0.032194
323.228292 1.166849 0.110420 -0.149713 7.546 -0.123859 0.018192
337.413170 1.144696 0.115538 -0.148009 7.546 -0.122970 0.016223
352.181686 1.125610 0.118884 -0.144599 7.546 -0.050562 0.018632
8.345685 1.089410 0.123650 -0.213586 7.546 0.107503 0.035781
23.275072 1.129532 0.118557 -0.217336 7.546 0.141466 0.024642
36.609961 1.165241 0.111191 -0.218409 7.546 0.138478 0.021915
50.292800 1.188482 0.107456 -0.216521 7.546 0.165959 0.046626
63.094732 1.210359 0.103209 -0.211955 7.546 0.341869 0.170600
77.984499 1.001249 0.077231 -0.249579 7.546 -1.278576 0.226026
296.333277 1.169944 0.100878 -0.212822 7.546 -0.204815 0.134538
309.525499 1.179923 0.106833 -0.216312 7.546 -0.212916 0.062472
323.419665 1.165113 0.111360 -0.217896 7.546 -0.144627 0.031785
336.674398 1.129070 0.118590 -0.217681 7.546 -0.128272 0.023139
351.461016 1.089765 0.123444 -0.213053 7.546 -0.064629 0.041656
10.313533 1.064769 0.125299 -0.278008 7.546 0.027678 0.076759
24.467716 1.117401 0.118850 -0.296171 7.546 0.144902 0.023886
36.279189 1.164801 0.111295 -0.296054 7.546 0.146081 0.022027
49.310773 1.185988 0.106629 -0.290579 7.546 0.146696 0.049612
61.261270 1.194623 0.101375 -0.266102 7.546 -0.471567 0.347288
298.499102 1.262159 0.103116 -0.266434 7.546 -0.896432 0.451969
310.498951 1.189184 0.107486 -0.290270 7.546 -0.211042 0.048508
323.854585 1.163993 0.111398 -0.295498 7.546 -0.165148 0.024505
335.637948 1.119371 0.118717 -0.294261 7.546 -0.119834 0.024649
349.520166 1.067264 0.125602 -0.278182 7.546 -0.079588 0.068704
24.354689 1.124737 0.115203 -0.453590 7.546 0.088057 0.043449
35.372034 1.166803 0.111684 -0.429763 7.546 0.126161 0.023149
51.726997 1.146557 0.113601 -0.428304 7.546 0.156566 0.074944
68.485439 1.132830 0.116170 -0.441320 7.546 0.244190 0.068588
87.044007 1.139002 0.113607 -0.431061 7.546 0.232109 0.062842
105.222594 1.163113 0.112608 -0.435320 7.546 0.064987 0.070189
122.354178 1.156117 0.112634 -0.438304 7.546 0.113883 0.077692
144.592549 1.143403 0.113096 -0.441896 7.546 0.016444 0.080634
168.345734 1.150419 0.113953 -0.436241 7.546 0.120040 0.080095
192.410734 1.148254 0.114775 -0.439598 7.546 0.034558 0.069078
215.744584 1.141418 0.112640 -0.438570 7.546 -0.137940 0.064691
235.823324 1.155481 0.113169 -0.431862 7.546 -0.035840 0.088656
255.182053 1.140228 0.114903 -0.433798 7.546 -0.124850 0.085510
273.001042 1.159383 0.115069 -0.439071 7.546 -0.025469 0.087803
292.170180 1.123267 0.114000 -0.445789 7.546 -0.135643 0.078897
307.890544 1.136403 0.114712 -0.435322 7.546 -0.146113 0.055236
324.548085 1.167410 0.112115 -0.431694 7.546 -0.141238 0.032316
335.677208 1.126250 0.115170 -0.451837 7.546 -0.076123 0.019009
349.698651 1.100799 0.107757 -0.497666 7.546 -0.091695 0.083949
7.864853 1.131432 0.114069 -0.893140 7.546 0.027573 0.019681
21.248724 1.146917 0.114717 -0.760563 7.546 0.053598 0.027670
35.939910 1.160521 0.114018 -0.845694 7.546 -0.003308 0.045860
51.956272 1.150381 0.114165 -0.911698 7.546 0.084101 0.066686
68.918131 1.144979 0.115079 -0.834939 7.546 0.128873 0.067638
86.928005 1.150911 0.115796 -0.806937 7.546 0.030917 0.075992
104.734459 1.146284 0.114020 -0.807496 7.546 0.013390 0.085777
122.555049 1.159407 0.114207 -0.867049 7.546 -0.143258 0.089048
143.690040 1.153513 0.115739 -0.909393 7.546 -0.177501 0.090969
167.082974 1.152460 0.114998 -0.852061 7.546 -0.019532 0.079437
193.107732 1.142772 0.113491 -0.853496 7.546 -0.153622 0.077809
215.137171 1.155504 0.113626 -0.803212 7.546 0.009912 0.076477
236.110024 1.150443 0.114840 -0.881842 7.546 -0.016364 0.104322
254.971273 1.142941 0.114058 -0.871508 7.546 -0.132652 0.105522
274.518675 1.139346 0.113419 -0.825410 7.546 -0.231531 0.120016
291.636349 1.147299 0.112978 -0.809361 7.546 0.023360 0.069925
307.732144 1.132871 0.114791 -0.805432 7.546 -0.071238 0.065542
324.618559 1.168092 0.114162 -0.843879 7.546 -0.162412 0.042136
338.592136 1.144639 0.115040 -0.777160 7.546 -0.048900 0.019542
352.381839 1.129466 0.114154 -0.854143 7.546 -0.002916 0.021958
7.006538 1.100956 0.154408 -0.222006 7.546 0.056456 0.025042
21.171786 1.107030 0.157948 -0.221056 7.546 0.116032 0.027187
37.934688 1.094026 0.165951 -0.214762 7.546 0.263073 0.165279
52.323206 1.097938 0.161968 -0.216955 7.546 0.200601 0.051769
68.287274 1.099252 0.165193 -0.212510 7.546 0.242871 0.056476
85.918489 1.095283 0.165300 -0.214211 7.546 0.184919 0.052958
104.389437 1.100014 0.161887 -0.218035 7.546 0.297725 0.064002
122.593504 1.103756 0.159219 -0.230428 7.546 0.206152 0.067662
142.547027 1.100254 0.151813 -0.227634 7.546 0.243738 0.077046
168.362744 1.098762 0.148338 -0.227920 7.546 -0.021351 0.076948
192.660620 1.100920 0.146435 -0.233972 7.546 -0.024710 0.073392
216.819926 1.103337 0.150194 -0.224700 7.546 -0.122440 0.064763
237.476628 1.097934 0.159358 -0.221547 7.546 -0.104913 0.069346
255.673983 1.095559 0.165487 -0.216468 7.546 -0.252116 0.067686
273.425103 1.097482 0.166456 -0.211211 7.546 -0.255988 0.052841
291.349382 1.097262 0.165700 -0.207637 7.546 -0.351634 0.060293
308.223321 1.094484 0.167432 -0.197009 7.546 -0.235056 0.055497
323.386831 1.096945 0.171599 -0.190633 7.546 -0.201333 0.061739
338.474962 1.104483 0.162388 -0.209153 7.546 -0.140287 0.070720
352.662293 1.100808 0.156013 -0.221525 7.546 -0.040278 0.028224
7.654321 1.092073 0.161977 -0.370481 7.546 0.020768 0.092465
20.649202 1.101404 0.150742 -0.377680 7.546 0.134085 0.091111
37.556133 1.094057 0.169789 -0.374047 7.546 0.208609 0.101747
51.862645 1.089891 0.166669 -0.374656 7.546 0.199475 0.057890
68.706922 1.098779 0.168269 -0.370208 7.546 0.197354 0.070706
86.887621 1.097240 0.168021 -0.374670 7.546 0.026818 0.087651
104.519146 1.087759 0.168938 -0.367263 7.546 -0.040041 0.114836
122.695933 1.098802 0.174663 -0.370664 7.546 0.283118 0.122032
142.480332 1.102610 0.164842 -0.377216 7.546 0.025082 0.103980
168.295485 1.103507 0.159460 -0.379691 7.546 -0.214969 0.096292
192.357450 1.093431 0.158098 -0.374279 7.546 0.129008 0.086461
216.509257 1.092767 0.160746 -0.372190 7.546 -0.054080 0.097806
236.963529 1.083459 0.172668 -0.369346 7.546 -0.149553 0.109787
256.000772 1.088417 0.172442 -0.371483 7.546 -0.154467 0.105871
273.724620 1.099691 0.175992 -0.367109 7.546 -0.102219 0.097482
291.648520 1.093199 0.173686 -0.366463 7.546 -0.108498 0.074482
307.537569 1.091598 0.168795 -0.377794 7.546 -0.257633 0.102455
322.679037 1.096667 0.171181 -0.372848 7.546 -0.278670 0.169217
339.409410 1.104864 0.150616 -0.375114 7.546 -0.133990 0.048641
352.368456 1.093125 0.163242 -0.371564 7.546 -0.085366 0.033627
8.459844 1.090128 0.182403 -0.510552 7.546 0.027410 0.031069
20.432282 1.096457 0.157331 -0.511352 7.546 0.083504 0.063157
37.029677 1.090592 0.178405 -0.507615 7.546 0.150245 0.074440
51.753680 1.091281 0.171064 -0.510560 7.546 0.221423 0.076392
68.528863 1.093069 0.168517 -0.505643 7.546 0.118930 0.080386
86.783769 1.096680 0.170672 -0.513271 7.546 0.054928 0.090630
104.761884 1.092021 0.177779 -0.515863 7.546 0.086751 0.113655
123.487657 1.103218 0.172691 -0.505781 7.546 0.242558 0.149913
144.578022 1.100194 0.168190 -0.511477 7.546 0.016847 0.147495
169.083778 1.087547 0.176803 -0.510240 7.546 -0.172785 0.133646
191.142814 1.094952 0.171247 -0.519948 7.546 0.043644 0.123553
216.053024 1.092376 0.175343 -0.509536 7.546 -0.113481 0.122945
238.236224 1.084393 0.179423 -0.502360 7.546 -0.001840 0.163021
255.085717 1.076905 0.180607 -0.501840 7.546 -0.136706 0.122954
272.759325 1.092207 0.176534 -0.510243 7.546 0.113013 0.132105
291.508884 1.086899 0.174626 -0.504779 7.546 -0.015742 0.100314
307.939526 1.093074 0.165070 -0.511816 7.546 -0.057331 0.068727
322.577024 1.090025 0.170733 -0.513667 7.546 -0.137931 0.073999
339.686098 1.096099 0.154110 -0.510226 7.546 -0.113929 0.034550
351.903171 1.090342 0.184231 -0.509798 7.546 -0.037713 0.023415
10.643126 1.085770 0.181792 -0.699481 7.546 0.048795 0.025697
19.269257 1.099572 0.161372 -0.681651 7.546 0.040384 0.030043
37.338433 1.085228 0.183117 -0.684332 7.546 0.014801 0.069352
52.098078 1.093381 0.174201 -0.678346 7.546 0.235638 0.093355
67.279692 1.088243 0.175295 -0.692817 7.546 0.045636 0.098925
86.212629 1.095793 0.167342 -0.691123 7.546 0.029355 0.104155
104.680845 1.087112 0.180622 -0.691370 7.546 0.026708 0.117428
123.310514 1.089678 0.186812 -0.698496 7.546 0.395843 0.263099
144.083138 1.073534 0.184442 -0.683576 7.546 0.145257 0.170583
169.347771 1.089316 0.184120 -0.679694 7.546 -0.284771 0.202004
193.325482 1.079854 0.172270 -0.691825 7.546 -0.079282 0.168371
214.840820 1.085638 0.185891 -0.696361 7.546 -0.004884 0.162788
237.442660 1.074545 0.183205 -0.679526 7.546 -0.044821 0.201069
255.591182 1.083759 0.177986 -0.693723 7.546 -0.007864 0.137193
272.512047 1.087109 0.177859 -0.692159 7.546 -0.144229 0.120916
291.814436 1.085337 0.173087 -0.690048 7.546 -0.018333 0.092170
308.699818 1.098824 0.171446 -0.689924 7.546 0.050103 0.076378
322.906107 1.092673 0.175716 -0.694644 7.546 -0.136297 0.112483
340.304227 1.099301 0.161357 -0.682663 7.546 -0.085451 0.038473
349.527295 1.086403 0.180559 -0.698842 7.546 -0.024777 0.042178
7.171745 1.093738 0.176070 -1.001007 7.546 0.008331 0.016958
21.293885 1.094251 0.171539 -1.101636 7.546 -0.007941 0.060624
36.219818 1.102115 0.168085 -1.119889 7.546 0.028115 0.069533
50.019143 1.105763 0.166224 -1.062737 7.546 -0.095733 0.147179
68.485670 1.116924 0.170670 -1.078946 7.546 0.024650 0.198339
85.715274 1.086063 0.172451 -1.101963 7.546 0.218046 0.647775
114.884107 1.089232 0.279729 -1.082631 7.546 -0.405331 6.763510
127.478212 1.103398 0.231678 -1.064351 7.546 1.495148 7.737302
146.737351 1.104543 0.217515 -1.047521 7.546 -0.012945 0.324122
166.940006 1.088364 0.187964 -1.071380 7.546 0.522796 0.933787
192.374446 1.098937 0.177603 -1.066264 7.546 0.180627 0.207451
214.467631 1.054503 0.203499 -1.242986 7.546 -0.066147 0.351437
238.873615 1.087186 0.213364 -1.265100 7.546 0.033762 0.403905
255.119146 1.090280 0.190811 -1.027335 7.546 -0.083770 0.341325
272.976146 1.083724 0.185224 -0.993013 7.546 -0.071841 0.226570
293.527353 1.106824 0.167839 -0.843623 7.546 0.294409 0.704108
308.771358 1.100318 0.168776 -1.031227 7.546 0.093782 0.123637
322.872348 1.093954 0.172702 -1.008415 7.546 -0.045878 0.075457
339.406210 1.098753 0.171849 -1.154480 7.546 -0.055429 0.067714
352.807357 1.093483 0.175821 -0.996741 7.546 0.014080 0.022251
7.367286 1.345489 0.153554 -0.189797 7.546 0.036305 0.036280
21.934533 1.359487 0.148605 -0.193084 7.546 0.149780 0.022226
36.394203 1.376804 0.154367 -0.195599 7.546 0.182590 0.063342
52.153709 1.343910 0.162804 -0.198343 7.546 0.232140 0.061291
68.481511 1.345454 0.160975 -0.195365 7.546 0.317087 0.061536
86.271054 1.348524 0.162736 -0.193945 7.546 0.239709 0.052215
103.914008 1.351818 0.162776 -0.203022 7.546 0.251885 0.060502
122.682291 1.353266 0.156485 -0.201722 7.546 0.359776 0.066443
142.868577 1.351729 0.153136 -0.206050 7.546 0.069671 0.064821
167.227000 1.351268 0.149282 -0.207228 7.546 0.001540 0.073742
192.568958 1.356727 0.148926 -0.205241 7.546 -0.239880 0.063431
216.539205 1.345302 0.150766 -0.206374 7.546 -0.188507 0.053852
237.130216 1.362754 0.155570 -0.201886 7.546 -0.204891 0.054946
255.474820 1.355215 0.160203 -0.196509 7.546 -0.284379 0.050943
273.610384 1.347690 0.161271 -0.188938 7.546 -0.223375 0.044117
290.910863 1.346001 0.164778 -0.188400 7.546 -0.293022 0.047827
308.268761 1.349314 0.167167 -0.182919 7.546 -0.281555 0.062911
323.731861 1.367888 0.159761 -0.189504 7.546 -0.204255 0.058248
337.983676 1.356844 0.153660 -0.192885 7.546 -0.116963 0.019924
352.455697 1.342255 0.153569 -0.191327 7.546 -0.049686 0.031076
7.552414 1.334893 0.166127 -0.325676 7.546 0.038013 0.054126
22.067645 1.345089 0.151948 -0.326553 7.546 0.105103 0.023819
36.390168 1.360953 0.156739 -0.326325 7.546 0.148869 0.039062
52.019892 1.337229 0.168381 -0.327236 7.546 0.212828 0.068456
69.053831 1.339721 0.167114 -0.326018 7.546 0.191232 0.060308
86.894497 1.340530 0.165447 -0.324045 7.546 0.138300 0.071454
104.684460 1.346417 0.165421 -0.324050 7.546 0.159014 0.074183
122.899699 1.340113 0.164965 -0.323216 7.546 0.311454 0.087196
143.946212 1.358080 0.164676 -0.328746 7.546 0.119531 0.087342
168.370420 1.343178 0.159396 -0.328803 7.546 0.044841 0.083211
193.282525 1.345291 0.159533 -0.325468 7.546 -0.061738 0.068048
215.964832 1.346676 0.161482 -0.326491 7.546 -0.249252 0.062077
237.539527 1.344952 0.166746 -0.321608 7.546 -0.201871 0.082341
255.414475 1.342360 0.169840 -0.325759 7.546 -0.235605 0.090891
273.294686 1.349466 0.168635 -0.324801 7.546 -0.134078 0.077184
291.771276 1.340288 0.170745 -0.326663 7.546 -0.201632 0.073134
307.447400 1.337138 0.168568 -0.326034 7.546 -0.273832 0.182934
324.196110 1.372818 0.154600 -0.323005 7.546 -0.210085 0.039558
338.140311 1.342417 0.155208 -0.326246 7.546 -0.186315 0.035743
352.260389 1.335879 0.167004 -0.325148 7.546 -0.086683 0.050022
7.952359 1.331225 0.184885 -0.462966 7.546 0.084935 0.036040
21.884135 1.341334 0.158836 -0.467724 7.546 0.135294 0.023505
36.088877 1.354864 0.165493 -0.461793 7.546 0.178036 0.095141
52.217507 1.344470 0.174063 -0.462745 7.546 0.317715 0.079050
68.377496 1.342941 0.168027 -0.462152 7.546 0.234538 0.064186
86.412387 1.338326 0.166756 -0.457842 7.546 0.223068 0.069932
104.523185 1.345642 0.173091 -0.465802 7.546 0.211858 0.087370
122.113472 1.335923 0.168915 -0.459225 7.546 0.066318 0.099166
143.851963 1.337923 0.169907 -0.461941 7.546 -0.002681 0.078832
168.474184 1.330304 0.172600 -0.465069 7.546 0.018500 0.090719
192.300938 1.330334 0.167419 -0.459234 7.546 -0.114894 0.076782
216.871148 1.349415 0.170524 -0.461901 7.546 -0.169568 0.073100
235.751665 1.353871 0.168147 -0.456467 7.546 -0.265524 0.133840
255.341485 1.344510 0.170853 -0.464889 7.546 -0.190199 0.103635
273.205730 1.348003 0.167702 -0.463259 7.546 -0.244734 0.086306
291.727288 1.331754 0.170324 -0.461453 7.546 -0.272964 0.079399
308.014668 1.342240 0.166561 -0.465848 7.546 -0.125238 0.071239
324.593555 1.362011 0.156856 -0.460201 7.546 -0.206662 0.061730
338.145202 1.340802 0.157506 -0.466574 7.546 -0.133707 0.044568
352.152919 1.333352 0.185169 -0.464205 7.546 -0.029422 0.030054
10.095418 1.324220 0.191693 -0.659704 7.546 0.085443 0.027725
20.519689 1.341577 0.163329 -0.661762 7.546 0.062612 0.027719
36.140679 1.351356 0.175982 -0.641342 7.546 0.176909 0.101441
51.943273 1.340822 0.176818 -0.646516 7.546 0.263603 0.073641
68.149081 1.327312 0.172089 -0.661754 7.546 0.132516 0.083352
86.436982 1.346186 0.171632 -0.654590 7.546 0.017749 0.098740
104.487639 1.343497 0.171841 -0.658102 7.546 0.036138 0.099999
122.997100 1.329209 0.172273 -0.652923 7.546 0.377071 0.157003
144.718513 1.354246 0.169209 -0.657516 7.546 -0.154899 0.149222
168.180279 1.336220 0.174382 -0.655240 7.546 0.025952 0.104150
193.093812 1.336434 0.173003 -0.666456 7.546 -0.184464 0.095627
215.605758 1.338699 0.170398 -0.656317 7.546 -0.072787 0.096810
237.464092 1.347815 0.171357 -0.653759 7.546 -0.189981 0.178909
255.858522 1.345987 0.167930 -0.662645 7.546 -0.147795 0.134493
272.931648 1.332882 0.173958 -0.658048 7.546 -0.265667 0.112267
292.014152 1.333762 0.170033 -0.656318 7.546 -0.274519 0.074720
308.401169 1.338012 0.170615 -0.658190 7.546 -0.240120 0.075112
323.087772 1.340225 0.167836 -0.659324 7.546 -0.116023 0.051562
339.393558 1.344556 0.162403 -0.664012 7.546 -0.089908 0.021760
349.871154 1.321644 0.189759 -0.661312 7.546 -0.043627 0.027165
8.159026 1.329309 0.176316 -1.096233 7.546 0.019240 0.047272
20.347516 1.342727 0.172471 -1.077872 7.546 -0.006418 0.034257
36.532665 1.332734 0.170567 -1.233220 7.546 0.119537 0.069575
52.190369 1.353366 0.171589 -1.059261 7.546 -0.063435 0.090425
68.839217 1.346485 0.172429 -1.067529 7.546 0.100359 0.114254
87.242433 1.357455 0.175545 -1.110104 7.546 0.110661 0.160023
104.223046 1.335028 0.178069 -1.252110 7.546 -0.072459 0.150299
123.513419 1.329431 0.178240 -1.198210 7.546 -0.232916 0.481838
144.463719 1.331946 0.191465 -1.134758 7.546 0.009962 0.158324
169.296508 1.340691 0.184052 -1.223622 7.546 -0.045197 0.195309
193.169588 1.326923 0.181910 -1.162885 7.546 -0.036408 0.134760
215.942390 1.330141 0.184127 -1.126053 7.546 -0.048685 0.150737
237.308862 1.338163 0.176556 -1.151048 7.546 0.055241 0.206371
255.046322 1.353093 0.174973 -1.126495 7.546 0.229287 0.318834
274.795160 1.337485 0.175772 -1.000499 7.546 -0.101859 0.187619
292.873296 1.345516 0.173252 -1.067660 7.546 -0.030934 0.096617
307.804354 1.345233 0.172995 -1.109727 7.546 -0.090560 0.072261
322.670341 1.343836 0.177547 -1.091549 7.546 0.012628 0.064851
339.867635 1.347224 0.171488 -1.113463 7.546 -0.023793 0.035799
352.089807 1.328513 0.176568 -1.091162 7.546 -0.016065 0.019022
7.423299 1.793909 0.174691 -0.184612 7.546 0.028536 0.016934
22.084861 1.774155 0.168051 -0.186277 7.546 0.066678 0.030204
36.562342 1.739148 0.162311 -0.188153 7.546 0.192168 0.029258
51.245891 1.719776 0.168770 -0.186772 7.546 0.240024 0.059678
68.661508 1.793012 0.181168 -0.191893 7.546 0.255992 0.053169
86.326741 1.766694 0.176371 -0.191153 7.546 0.375191 0.056678
104.646776 1.770723 0.174358 -0.195438 7.546 0.218025 0.067720
122.285837 1.773936 0.172505 -0.197523 7.546 0.221933 0.069167
142.739811 1.762223 0.169343 -0.196637 7.546 0.172040 0.074536
169.065867 1.762404 0.170017 -0.205349 7.546 0.105535 0.084076
192.197654 1.740991 0.167460 -0.201403 7.546 -0.097265 0.073271
217.169729 1.739275 0.167340 -0.199484 7.546 -0.143542 0.056618
237.068116 1.765630 0.171078 -0.199097 7.546 -0.219825 0.060152
255.130067 1.764871 0.175348 -0.194406 7.546 -0.260333 0.053220
273.211967 1.784801 0.178866 -0.191210 7.546 -0.211644 0.042054
291.351768 1.800131 0.184023 -0.187454 7.546 -0.360443 0.067436
308.474638 1.733831 0.172775 -0.183473 7.546 -0.167651 0.035457
323.781986 1.738165 0.166700 -0.187676 7.546 -0.186466 0.032615
337.856211 1.770425 0.170108 -0.185944 7.546 -0.100073 0.016966
352.455902 1.794598 0.174838 -0.185027 7.546 -0.054218 0.028315
7.471762 1.830704 0.188324 -0.296440 7.546 -0.017350 0.022046
22.343017 1.819719 0.177277 -0.296208 7.546 0.075859 0.022428
36.309126 1.780553 0.167923 -0.296909 7.546 0.123285 0.033165
52.033143 1.756620 0.179477 -0.295810 7.546 0.264224 0.047086
68.558780 1.805031 0.184381 -0.294132 7.546 0.274055 0.057150
86.861535 1.805139 0.178718 -0.297900 7.546 0.258854 0.062718
104.978098 1.778978 0.177503 -0.292151 7.546 0.154902 0.067901
122.341977 1.807950 0.180932 -0.293100 7.546 0.183608 0.071495
142.645435 1.797412 0.182475 -0.295824 7.546 0.154163 0.076791
166.856352 1.805701 0.178250 -0.299351 7.546 -0.024057 0.081732
192.979346 1.782912 0.176903 -0.296400 7.546 -0.034235 0.072270
216.791231 1.790723 0.179692 -0.294356 7.546 -0.149274 0.060397
237.113550 1.816772 0.178990 -0.294351 7.546 -0.190172 0.066913
254.647601 1.822453 0.181199 -0.292616 7.546 -0.236854 0.063785
272.920707 1.831022 0.184483 -0.294990 7.546 -0.295773 0.066539
290.905200 1.824978 0.185326 -0.293924 7.546 -0.287834 0.083773
308.580676 1.772384 0.174301 -0.292726 7.546 -0.238744 0.124545
324.102974 1.799747 0.170106 -0.296190 7.546 -0.148404 0.050297
337.514046 1.822398 0.179142 -0.297333 7.546 -0.087081 0.027992
352.271234 1.833308 0.188428 -0.294901 7.546 -0.069562 0.022723
7.945907 1.782161 0.197704 -0.408452 7.546 0.076909 0.028543
22.956441 1.813530 0.181457 -0.411307 7.546 0.107645 0.023506
35.973175 1.800193 0.173137 -0.408673 7.546 0.172023 0.042006
52.006026 1.768410 0.186658 -0.405051 7.546 0.220159 0.103866
68.433294 1.799813 0.184273 -0.408564 7.546 0.210408 0.065961
86.723336 1.801748 0.180196 -0.408875 7.546 0.195877 0.067808
105.115781 1.804813 0.180135 -0.408716 7.546 0.116204 0.077319
122.348117 1.779738 0.182183 -0.412532 7.546 0.311119 0.080731
144.018153 1.794180 0.182640 -0.409185 7.546 0.100238 0.087060
167.842072 1.799112 0.181873 -0.404710 7.546 0.053690 0.085544
192.344991 1.786574 0.182591 -0.407722 7.546 -0.061464 0.076082
216.443681 1.798819 0.181262 -0.410417 7.546 -0.147013 0.064295
236.544412 1.816968 0.180222 -0.406203 7.546 -0.283780 0.085719
254.749980 1.790837 0.182349 -0.412367 7.546 -0.284544 0.084626
274.390161 1.818858 0.185208 -0.406245 7.546 -0.408042 0.075964
291.800479 1.788161 0.186519 -0.408825 7.546 -0.266834 0.103185
308.159298 1.744795 0.179955 -0.411436 7.546 -0.256414 0.090404
324.532764 1.817836 0.171015 -0.409121 7.546 -0.168774 0.040458
337.250900 1.818800 0.182609 -0.410202 7.546 -0.114139 0.021426
352.224616 1.771368 0.197350 -0.406822 7.546 -0.008090 0.030244
9.138403 1.692188 0.203120 -0.568585 7.546 0.078421 0.038791
22.461640 1.786005 0.183895 -0.594392 7.546 0.094624 0.019141
35.255497 1.810269 0.177715 -0.576096 7.546 0.118892 0.033381
52.638359 1.758931 0.188990 -0.579263 7.546 0.192926 0.083098
68.829095 1.802364 0.187477 -0.581642 7.546 0.316171 0.068779
87.080019 1.787825 0.181510 -0.591606 7.546 0.278573 0.064548
104.275652 1.795022 0.183881 -0.590232 7.546 0.176873 0.069768
121.977461 1.810072 0.184983 -0.581727 7.546 0.197297 0.084981
143.534895 1.795471 0.181816 -0.585799 7.546 0.001037 0.081491
167.880596 1.769306 0.179813 -0.584556 7.546 -0.065037 0.086492
193.326026 1.785566 0.180825 -0.596411 7.546 0.026841 0.079014
215.373207 1.777850 0.183111 -0.577503 7.546 -0.033794 0.069433
236.760837 1.816571 0.184618 -0.586401 7.546 -0.184418 0.084603
254.787280 1.785876 0.181908 -0.583162 7.546 -0.304332 0.103603
273.033456 1.799932 0.183933 -0.587886 7.546 -0.384996 0.080756
292.085182 1.780416 0.184166 -0.591731 7.546 -0.155077 0.071177
307.767210 1.766671 0.186714 -0.597872 7.546 -0.210887 0.098545
324.709585 1.815212 0.174775 -0.581888 7.546 -0.173226 0.032945
337.400551 1.794891 0.183856 -0.593867 7.546 -0.132005 0.032532
350.763472 1.695658 0.202612 -0.568490 7.546 -0.045408 0.040858
8.475705 1.729200 0.185344 -1.211908 7.546 0.006824 0.024919
20.765876 1.795283 0.186620 -0.990621 7.546 0.060863 0.020140
36.485675 1.798905 0.186440 -1.231986 7.546 0.103674 0.047962
52.395419 1.764725 0.185271 -1.115757 7.546 0.100487 0.062813
68.746110 1.804030 0.188500 -1.075070 7.546 0.112072 0.070853
87.335764 1.812751 0.184750 -1.083458 7.546 0.068422 0.083076
103.706650 1.809811 0.184737 -1.083751 7.546 0.000197 0.096058
122.331380 1.773669 0.185175 -1.185102 7.546 0.040099 0.108407
143.908974 1.773274 0.186455 -1.082878 7.546 0.316320 0.133454
167.429247 1.757510 0.186974 -1.154949 7.546 0.146343 0.107777
193.232465 1.801177 0.187772 -1.149688 7.546 -0.083656 0.110614
215.755817 1.787832 0.186879 -1.153523 7.546 0.077606 0.103980
238.262166 1.781166 0.185765 -1.068113 7.546 -0.145070 0.142689
255.271695 1.760096 0.184693 -1.043503 7.546 -0.092559 0.122992
273.561009 1.796902 0.186673 -1.057920 7.546 -0.037949 0.086906
291.922531 1.787997 0.184315 -1.082066 7.546 -0.154276 0.074779
308.065532 1.782700 0.188961 -1.085453 7.546 -0.117515 0.059840
323.461735 1.786790 0.188595 -1.088291 7.546 -0.066612 0.050044
339.019522 1.794780 0.185847 -1.009314 7.546 -0.087980 0.024843
351.683979 1.731719 0.185609 -1.181498 7.546 -0.031639 0.024164
6.870940 1.410477 0.255324 -0.276881 7.546 0.056506 0.029753
22.302896 1.400647 0.256409 -0.277039 7.546 0.149724 0.054684
37.501948 1.395506 0.256226 -0.286583 7.546 0.148930 0.040349
52.220585 1.391549 0.255443 -0.289015 7.546 0.179517 0.045999
68.623220 1.388719 0.254690 -0.286074 7.546 0.224126 0.046153
86.545267 1.349288 0.254325 -0.320361 7.546 0.148888 0.055521
104.331701 1.353331 0.249355 -0.336531 7.546 0.242109 0.085309
120.961468 1.347906 0.246767 -0.354192 7.546 0.015072 0.136212
140.378089 1.401085 0.238522 -0.384672 7.546 0.319267 0.277701
165.406782 1.536998 0.232011 -0.406146 7.546 -0.148637 0.241201
191.076221 1.604322 0.230135 -0.383388 7.546 0.197910 0.423433
218.766105 1.466449 0.236938 -0.388973 7.546 0.070626 0.222825
240.002201 1.375988 0.241817 -0.365956 7.546 0.026987 0.171722
255.976390 1.346816 0.248936 -0.337010 7.546 -0.215392 0.116819
273.337679 1.375442 0.254900 -0.314400 7.546 -0.236047 0.087687
291.401555 1.408037 0.256097 -0.296344 7.546 -0.162467 0.045168
308.244743 1.399501 0.256755 -0.276534 7.546 -0.235324 0.042224
322.945855 1.410238 0.257102 -0.269231 7.546 -0.198651 0.040312
337.824995 1.421954 0.255830 -0.272104 7.546 -0.102558 0.031881
352.366006 1.395889 0.255641 -0.281799 7.546 -0.072790 0.026761
5.967487 1.371906 0.249398 -0.556678 7.546 0.040754 0.027393
22.731142 1.365556 0.257012 -0.545959 7.546 0.088842 0.045482
37.249678 1.383809 0.254477 -0.541628 7.546 0.164114 0.080473
51.382566 1.392261 0.257703 -0.537781 7.546 0.163195 0.059787
67.841882 1.393367 0.260586 -0.537700 7.546 0.087407 0.078388
86.786527 1.385293 0.265520 -0.536890 7.546 0.109822 0.080961
105.602750 1.310751 0.266700 -0.528583 7.546 0.052858 0.108590
123.409954 1.273881 0.261030 -0.532634 7.546 0.310701 0.169107
141.877874 1.275728 0.257878 -0.567827 7.546 0.034699 0.145802
168.481061 1.346646 0.238028 -0.558950 7.546 0.150463 0.220895
193.173681 1.448971 0.243295 -0.557830 7.546 0.004820 0.165388
220.691430 1.251000 0.257397 -0.560389 7.546 0.036793 0.148320
237.548160 1.213796 0.260466 -0.548000 7.546 0.065666 0.166879
254.871617 1.326244 0.260701 -0.534084 7.546 -0.199539 0.149868
273.557691 1.361993 0.266264 -0.541964 7.546 -0.222328 0.099931
291.161638 1.375844 0.260494 -0.530523 7.546 -0.200497 0.066026
307.519450 1.388419 0.261044 -0.535347 7.546 -0.130643 0.072790
323.348145 1.407764 0.259686 -0.541231 7.546 -0.172378 0.071742
337.790395 1.390050 0.259796 -0.535228 7.546 -0.068444 0.057709
353.829555 1.382659 0.249828 -0.555282 7.546 -0.066823 0.029760
7.014019 1.347408 0.248826 -0.718322 7.546 0.043279 0.037322
22.724213 1.376516 0.254672 -0.715448 7.546 0.106204 0.048661
36.748462 1.393256 0.260292 -0.713631 7.546 0.144972 0.097322
51.850540 1.389305 0.260092 -0.713631 7.546 0.177829 0.084035
68.418742 1.390791 0.259830 -0.708586 7.546 0.014032 0.123663
86.565411 1.372766 0.267887 -0.715025 7.546 0.029926 0.131100
106.880065 1.312361 0.267981 -0.721202 7.546 -0.051406 0.211958
123.461975 1.226103 0.268178 -0.715659 7.546 0.098710 0.179482
141.115287 1.326515 0.270602 -0.724045 7.546 -0.045307 0.176720
166.156425 1.432176 0.254419 -0.729304 7.546 -0.151449 0.239308
193.951273 1.382618 0.247963 -0.697794 7.546 0.501276 0.736779
217.931476 1.337948 0.269524 -0.714244 7.546 0.227967 0.360120
243.105879 0.972291 0.290772 -0.749628 7.546 0.065006 0.680031
253.059316 1.299398 0.269145 -0.728177 7.546 0.236068 0.360143
272.223500 1.386660 0.271185 -0.716906 7.546 0.017276 0.118374
291.627302 1.379015 0.265403 -0.708840 7.546 -0.007976 0.088861
308.346054 1.399502 0.257018 -0.721698 7.546 -0.208409 0.102025
323.073672 1.401567 0.256403 -0.723846 7.546 -0.071914 0.098358
338.049064 1.389053 0.258196 -0.720939 7.546 -0.088311 0.061913
353.076340 1.343228 0.249485 -0.718169 7.546 -0.021920 0.032850
8.226812 1.338015 0.257573 -0.915675 7.546 0.011002 0.032793
21.365788 1.456982 0.262976 -0.901955 7.546 0.077869 0.048982
36.525405 1.471397 0.270011 -0.899875 7.546 -0.025619 0.082921
51.343954 1.417761 0.261975 -0.903177 7.546 -0.001018 0.098921
68.474515 1.351602 0.264295 -0.898767 7.546 0.256085 0.186670
88.087122 1.291065 0.263137 -0.908803 7.546 -0.239986 0.490168
107.784725 1.218202 0.280345 -0.937835 7.546 0.197815 0.533005
124.790284 1.224835 0.274434 -0.906798 7.546 0.411612 0.318844
142.872802 1.429960 0.275914 -0.888602 7.546 -0.345523 0.275849
168.205458 1.482159 0.263489 -0.900697 7.546 -0.042008 0.213254
193.230062 1.486610 0.263815 -0.899707 7.546 -0.153626 0.315809
216.928037 1.366015 0.272808 -0.923859 7.546 0.272928 0.508306
238.580344 1.266453 0.290626 -0.900437 7.546 -0.233569 0.317828
253.450557 1.060102 0.271499 -0.927349 7.546 -0.581214 0.987539
271.799055 1.407891 0.277116 -0.917348 7.546 0.057703 0.249518
291.797399 1.385580 0.267926 -0.908342 7.546 0.065270 0.133337
308.217220 1.417732 0.260014 -0.921977 7.546 -0.091748 0.088937
322.912138 1.405936 0.256855 -0.909496 7.546 -0.090773 0.067016
338.119049 1.408258 0.258435 -0.914424 7.546 -0.094366 0.069616
351.887113 1.344006 0.257848 -0.915693 7.546 -0.026224 0.032913
6.888265 1.426132 0.266634 -1.277335 7.546 0.002926 0.024360
21.075305 1.435333 0.259315 -1.348016 7.546 0.090828 0.053795
35.127525 1.529848 0.268147 -1.219684 7.546 -0.010457 0.136720
50.982352 1.539196 0.227260 -0.762895 7.546 -0.049240 0.515931
70.149121 1.277662 0.222284 -0.908651 7.546 -0.858847 12.178435
85.326780 1.463546 0.245924 -1.436811 7.546 -0.049571 0.257675
101.793895 1.679640 0.232750 -1.642200 7.546 -0.065125 0.449536
124.581991 0.954734 0.333979 -1.544838 7.546 -2.391462 27.428848
143.808248 1.396384 0.277673 -1.349444 7.546 0.168159 0.803041
175.347630 1.519606 0.259699 -1.410777 7.546 0.160120 0.688997
193.537101 1.469326 0.244196 -1.358584 7.546 0.120862 0.487847
209.276436 1.188126 0.307607 -1.440087 7.546 0.490465 4.259459
241.546619 1.671668 0.208334 -1.380939 7.546 0.695843 3.410164
264.255214 1.951578 0.245579 -1.606423 7.546 0.323045 2.310963
277.018078 1.595563 0.254029 -1.624632 7.546 -0.152806 0.751999
286.874978 1.273711 0.253943 -1.703184 7.546 -0.564791 6.112829
307.971923 1.600309 0.252497 -0.924307 7.546 -0.395901 1.034408
323.880407 1.518770 0.266905 -1.173201 7.546 -0.121454 0.096882
339.019928 1.466862 0.263787 -1.402108 7.546 0.114083 0.058036
353.046451 1.424458 0.266641 -1.278378 7.546 -0.008876 0.018886
7.162651 2.402635 0.274234 -0.352949 7.546 0.049742 0.018365
21.660165 2.395683 0.280045 -0.350682 7.546 0.128016 0.053422
37.284615 2.381840 0.287701 -0.339949 7.546 0.240438 0.039242
52.353426 2.378476 0.286038 -0.347019 7.546 0.268447 0.046947
68.452751 2.408705 0.282624 -0.352501 7.546 0.371073 0.037576
86.162598 2.365580 0.280336 -0.362192 7.546 0.304529 0.048992
104.279186 2.410611 0.270087 -0.379596 7.546 0.292505 0.065415
122.379710 2.399807 0.259780 -0.390477 7.546 0.318044 0.104343
142.203966 2.384037 0.256614 -0.406506 7.546 0.135688 0.092496
167.725702 2.415781 0.253338 -0.431384 7.546 0.054732 0.114114
190.931146 2.392017 0.249125 -0.416606 7.546 -0.044254 0.106113
216.997491 2.392114 0.258099 -0.412929 7.546 -0.100902 0.084585
237.982303 2.409661 0.259652 -0.386022 7.546 -0.181321 0.068611
256.284469 2.371722 0.270719 -0.368381 7.546 -0.257305 0.061340
273.524158 2.375763 0.274927 -0.349799 7.546 -0.338723 0.049006
291.858818 2.417270 0.284906 -0.338435 7.546 -0.246657 0.035379
307.749248 2.393127 0.291588 -0.330180 7.546 -0.271923 0.037387
323.179255 2.368892 0.290772 -0.326934 7.546 -0.239630 0.032798
337.904888 2.405384 0.283293 -0.341132 7.546 -0.156372 0.031871
352.611415 2.402019 0.278705 -0.351853 7.546 -0.030987 0.018890
7.500798 2.432497 0.289830 -0.635032 7.546 0.034088 0.024666
21.624844 2.520727 0.287387 -0.638477 7.546 0.159479 0.027205
37.294549 2.481094 0.309237 -0.633099 7.546 0.248376 0.061334
52.504802 2.571047 0.324443 -0.633815 7.546 0.312400 0.050732
68.266564 2.596260 0.330096 -0.631978 7.546 0.303894 0.060808
86.697074 2.619462 0.338990 -0.630522 7.546 0.149682 0.065868
105.107276 2.532785 0.339197 -0.633643 7.546 0.184772 0.094216
122.917643 2.451956 0.328342 -0.649363 7.546 0.219767 0.128635
142.836410 2.451819 0.294259 -0.639385 7.546 0.132738 0.108904
166.970226 2.421691 0.279858 -0.636550 7.546 0.222238 0.127628
192.207542 2.385888 0.275502 -0.639276 7.546 -0.199779 0.101339
217.273390 2.378041 0.288040 -0.635968 7.546 -0.160775 0.093150
237.940198 2.456979 0.325840 -0.640050 7.546 -0.249525 0.139065
254.840840 2.475819 0.322097 -0.637280 7.546 -0.293717 0.132209
273.620577 2.563522 0.327583 -0.634004 7.546 -0.347874 0.112778
290.951866 2.547990 0.330150 -0.639025 7.546 -0.363696 0.065766
308.055425 2.584331 0.329707 -0.639229 7.546 -0.391987 0.057658
322.927438 2.623735 0.336920 -0.633138 7.546 -0.267900 0.058805
338.663441 2.554722 0.296761 -0.637423 7.546 -0.141809 0.028058
352.521560 2.451179 0.295243 -0.636867 7.546 -0.057006 0.030527
7.892296 2.443522 0.314688 -0.907009 7.546 0.038207 0.038294
21.280358 2.494016 0.294666 -0.908414 7.546 0.072361 0.038726
36.958007 2.521711 0.334702 -0.903947 7.546 0.133994 0.055511
51.995403 2.537087 0.325194 -0.898092 7.546 0.259660 0.068238
68.368834 2.596997 0.342291 -0.902069 7.546 0.224911 0.067511
86.729969 2.550474 0.342401 -0.908942 7.546 0.179888 0.096410
105.568076 2.686699 0.371477 -0.910748 7.546 -0.014361 0.109370
122.532211 2.429892 0.347740 -0.898755 7.546 0.166472 0.140768
142.542848 2.414317 0.325029 -0.896060 7.546 0.186393 0.114649
168.523771 2.447474 0.301540 -0.901261 7.546 0.052051 0.125096
192.336695 2.443284 0.298502 -0.918288 7.546 0.027582 0.111868
216.331570 2.395871 0.328209 -0.901541 7.546 -0.084654 0.093952
237.615115 2.400248 0.346073 -0.910283 7.546 -0.197979 0.181094
255.173574 2.450218 0.349821 -0.906394 7.546 -0.047818 0.111531
272.923466 2.700056 0.361668 -0.900277 7.546 -0.189265 0.103829
291.830605 2.644353 0.343381 -0.898651 7.546 -0.280307 0.079554
307.910471 2.560776 0.325843 -0.903991 7.546 -0.310161 0.079743
322.786958 2.587130 0.335291 -0.907613 7.546 -0.260713 0.071568
339.061390 2.554135 0.299748 -0.907929 7.546 -0.167304 0.055869
352.021206 2.456825 0.316612 -0.909727 7.546 -0.004752 0.026062
8.783708 2.386499 0.324575 -1.275946 7.546 0.011700 0.031788
20.597879 2.558845 0.311967 -1.251895 7.546 0.060503 0.042454
37.158648 2.582499 0.344055 -1.251984 7.546 0.049699 0.074622
51.925956 2.738941 0.362908 -1.241459 7.546 0.040487 0.082497
69.059078 2.702273 0.348320 -1.241883 7.546 -0.128091 0.128789
87.164785 2.615022 0.361577 -1.253391 7.546 0.124007 0.095144
105.892810 2.597756 0.378508 -1.239254 7.546 0.024400 0.134823
123.409758 2.438762 0.363033 -1.267891 7.546 0.149939 0.149095
142.224557 2.506791 0.347163 -1.237359 7.546 0.070859 0.139001
167.041084 2.480516 0.300494 -1.243910 7.546 0.040229 0.131415
193.175742 2.371037 0.306480 -1.259286 7.546 0.306654 0.278033
217.448138 2.508956 0.335039 -1.252262 7.546 0.145668 0.216531
237.372640 2.331782 0.365253 -1.273098 7.546 0.052417 0.195499
254.064179 2.462014 0.358577 -1.246251 7.546 -0.083075 0.130720
274.006141 2.578795 0.354646 -1.234596 7.546 -0.115285 0.133981
292.215883 2.649255 0.352098 -1.259033 7.546 -0.208345 0.088337
308.097827 2.568886 0.329507 -1.262924 7.546 -0.168317 0.077646
323.130421 2.542119 0.333761 -1.262734 7.546 -0.045766 0.070566
339.614521 2.575578 0.313509 -1.249026 7.546 -0.044650 0.056559
351.452393 2.436294 0.329405 -1.272419 7.546 -0.008168 0.024218
7.542852 2.585689 0.351906 -1.880447 7.546 -0.022577 0.024887
21.167439 2.778719 0.345835 -1.888072 7.546 -0.028668 0.061159
35.718420 2.844748 0.336281 -1.872229 7.546 0.087752 0.109807
51.345792 3.020702 0.360702 -1.809339 7.546 0.144448 0.222011
67.088167 4.152314 0.420857 -1.656628 7.546 0.252462 1.180306
89.067443 2.187976 0.402367 -1.223041 7.546 -0.200182 4.539485
104.980043 2.791654 0.430691 -1.705888 7.546 0.457908 2.081083
124.421082 2.984388 0.428076 -1.992982 7.546 0.192372 0.284275
142.456103 2.829654 0.371755 -1.934774 7.546 -0.169116 0.371240
164.974722 2.656869 0.317208 -1.842738 7.546 -0.365147 0.699906
191.848473 2.400797 0.285134 -1.979845 7.546 0.098399 0.253920
218.510757 2.921757 0.394737 -1.979807 7.546 -0.030662 0.247088
239.539713 2.172631 0.357751 -1.864196 7.546 -0.369220 1.158002
256.481923 2.362912 0.384302 -1.788315 7.546 0.419367 2.483395
271.723844 2.813186 0.411780 -1.606049 7.546 0.348873 1.937914
290.702543 3.443705 0.397994 -1.479981 7.546 0.082311 0.511107
308.633817 3.012938 0.359906 -1.745242 7.546 -0.192112 0.274493
322.629359 2.836533 0.331130 -1.758847 7.546 -0.028869 0.136703
338.887130 2.709452 0.340280 -1.881140 7.546 -0.178806 0.059324
352.542101 2.594585 0.353972 -1.869786 7.546 -0.055725 0.026771
