CLAS physics database search results
Measurement E214M1
CLAS12 RG-A DVCS
Sangbaek Lee, Timothy B. Hayward, Latifa Elouadrhiri and Richard G. Milner
2026

bin	x	Q^2	t_average	phi	d4sigma/dQ2 dxb dt dphi	Stat. error	Syst. error
		GeV2	GeV	deg	nb/GeV4	nb/GeV4	nb/GeV4
1	0.072	1.091	0.13	157.5	2.9603	0.55649	1.046
1	0.072	1.091	0.13	180	2.59	0.594	0.92896
2	0.069	1.093	0.207	127.3	2.1964	0.42593	0.88295
2	0.069	1.093	0.207	142.4	1.9759	0.20282	0.72367
2	0.069	1.093	0.207	157.4	1.8605	0.18079	0.61415
2	0.069	1.093	0.207	172.5	1.4732	0.19797	0.53652
2	0.069	1.093	0.207	195.2	1.4365	0.2942	0.53822
3	0.076	1.094	0.314	127.3	0.51597	0.12426	0.20529
3	0.076	1.094	0.314	142.4	0.51082	0.060398	0.20564
3	0.076	1.094	0.314	157.4	0.48294	0.05002	0.15778
3	0.076	1.094	0.314	172.4	0.4339	0.057467	0.14405
3	0.076	1.094	0.314	195.2	0.28917	0.073241	0.10933
3	0.076	1.094	0.314	256.2	0.73251	0.11444	0.2698
4	0.084	1.085	0.446	36.5	1.485	0.16671	0.61838
4	0.084	1.085	0.446	134.4	0.16014	0.030119	0.060949
4	0.084	1.085	0.446	172.2	0.14514	0.017621	0.049679
4	0.084	1.085	0.446	240.9	0.17433	0.044043	0.081111
4	0.084	1.085	0.446	262.8	0.27809	0.04542	0.093736
4	0.084	1.085	0.446	287.1	0.41448	0.059728	0.18674
4	0.084	1.085	0.446	308.2	0.63601	0.10583	0.25852
4	0.084	1.085	0.446	323.5	1.5314	0.16772	0.71416
5	0.079	1.086	0.681	6.7	3.4177	0.76755	1.5084
5	0.079	1.086	0.681	21.5	1.2507	0.24522	0.4606
5	0.079	1.086	0.681	36.6	0.695	0.081253	0.27085
5	0.079	1.086	0.681	62.3	0.18582	0.034052	0.066363
5	0.079	1.086	0.681	149.7	0.055755	0.014861	0.020739
5	0.079	1.086	0.681	180	0.056282	0.01688	0.021833
5	0.079	1.086	0.681	240.8	0.11514	0.031141	0.044223
5	0.079	1.086	0.681	271.5	0.10618	0.023791	0.03869
5	0.079	1.086	0.681	318.2	0.38925	0.047491	0.14623
5	0.079	1.086	0.681	338.5	1.3213	0.22727	0.64976
5	0.079	1.086	0.681	353.2	2.9456	0.68152	1.3447
6	0.079	1.296	0.215	119.1	1.1718	0.22885	0.38794
6	0.079	1.296	0.215	142.4	1.085	0.15037	0.3629
6	0.079	1.296	0.215	157.4	0.88152	0.11847	0.29173
6	0.079	1.296	0.215	180	1.0504	0.16204	0.47004
7	0.084	1.301	0.309	119.1	0.46244	0.10953	0.22724
7	0.084	1.301	0.309	142.4	0.34016	0.054689	0.11834
7	0.084	1.301	0.309	157.4	0.41076	0.054343	0.13446
7	0.084	1.301	0.309	180	0.31066	0.052914	0.10406
7	0.084	1.301	0.309	256.2	0.53171	0.096973	0.17736
7	0.084	1.301	0.309	287.1	0.95738	0.16481	0.47918
8	0.086	1.271	0.455	36.6	1.302	0.13771	0.44772
8	0.086	1.271	0.455	51.8	0.74933	0.091024	0.36974
8	0.086	1.271	0.455	134.4	0.18271	0.03661	0.067398
8	0.086	1.271	0.455	157.4	0.16081	0.031829	0.056545
8	0.086	1.271	0.455	180	0.16489	0.033358	0.060226
8	0.086	1.271	0.455	240.8	0.17833	0.04744	0.065574
8	0.086	1.271	0.455	262.8	0.21838	0.050678	0.080755
8	0.086	1.271	0.455	287	0.31921	0.071014	0.16011
9	0.101	1.101	0.129	126.1	1.2765	0.287	0.44619
9	0.101	1.101	0.129	180	0.84109	0.18487	0.31367
10	0.101	1.1	0.198	119.3	0.79612	0.1758	0.29433
10	0.101	1.1	0.198	142.4	0.58529	0.10718	0.21191
10	0.101	1.1	0.198	157.4	0.64178	0.11409	0.24232
10	0.101	1.1	0.198	172.5	0.66707	0.14775	0.22187
10	0.101	1.1	0.198	195.1	0.39154	0.078804	0.14483
11	0.1	1.101	0.33	134.5	0.18766	0.040251	0.07208
11	0.1	1.101	0.33	157.5	0.21912	0.047887	0.084627
11	0.1	1.101	0.33	172.5	0.15399	0.041053	0.06754
11	0.1	1.101	0.33	195.1	0.17685	0.042593	0.070919
12	0.101	1.096	0.516	57.3	0.3425	0.087105	0.16839
12	0.101	1.096	0.516	141.8	0.085494	0.020314	0.037918
12	0.101	1.096	0.516	187.6	0.071511	0.018856	0.031727
12	0.101	1.096	0.516	265	0.14686	0.027626	0.06378
12	0.101	1.096	0.516	323.6	0.6013	0.13382	0.24772
13	0.11	1.103	0.648	20.8	2.2581	0.7078	1.1203
13	0.11	1.103	0.648	67.3	0.089939	0.027197	0.036279
13	0.11	1.103	0.648	164.1	0.036937	0.013707	0.016504
13	0.11	1.103	0.648	275	0.075643	0.021094	0.027495
14	0.101	1.335	0.129	119.2	1.5997	0.26417	0.55671
14	0.101	1.335	0.129	142.4	0.77398	0.14295	0.30206
14	0.101	1.335	0.129	164.8	0.77191	0.12352	0.28851
14	0.101	1.335	0.129	195.1	0.83302	0.18282	0.28254
15	0.1	1.337	0.198	103.9	1.285	0.31302	0.53338
15	0.1	1.337	0.198	127.3	0.74411	0.085487	0.24347
15	0.1	1.337	0.198	142.4	0.66551	0.058176	0.22092
15	0.1	1.337	0.198	157.4	0.46881	0.043691	0.16846
15	0.1	1.337	0.198	172.5	0.57261	0.064589	0.18647
15	0.1	1.337	0.198	187.5	0.60291	0.082362	0.21113
15	0.1	1.337	0.198	202.5	0.55468	0.10525	0.19225
16	0.096	1.359	0.344	119.2	0.22488	0.040484	0.089948
16	0.096	1.359	0.344	142.4	0.20847	0.023679	0.069512
16	0.096	1.359	0.344	157.4	0.20545	0.02132	0.069329
16	0.096	1.359	0.344	172.5	0.19819	0.023075	0.065617
16	0.096	1.359	0.344	187.5	0.20519	0.034177	0.071743
16	0.096	1.359	0.344	210.4	0.11614	0.032174	0.048606
16	0.096	1.359	0.344	256.1	0.36742	0.068027	0.13041
16	0.096	1.359	0.344	277.9	0.39893	0.06457	0.13778
16	0.096	1.359	0.344	293.1	0.52166	0.086716	0.19357
17	0.103	1.317	0.494	20.8	2.168	0.27973	0.99887
17	0.103	1.317	0.494	36.4	0.78701	0.063492	0.29342
17	0.103	1.317	0.494	51.7	0.3106	0.04163	0.10805
17	0.103	1.317	0.494	73	0.27088	0.078127	0.11513
17	0.103	1.317	0.494	119.3	0.10709	0.033944	0.042344
17	0.103	1.317	0.494	142.4	0.077691	0.013964	0.029815
17	0.103	1.317	0.494	157.5	0.068298	0.011194	0.022738
17	0.103	1.317	0.494	172.5	0.073285	0.012367	0.025444
17	0.103	1.317	0.494	187.5	0.064693	0.017413	0.025832
17	0.103	1.317	0.494	256	0.08415	0.014127	0.03289
17	0.103	1.317	0.494	277.9	0.14746	0.020447	0.059113
17	0.103	1.317	0.494	293.1	0.2339	0.034683	0.078742
17	0.103	1.317	0.494	308.3	0.32558	0.04751	0.12648
17	0.103	1.317	0.494	323.6	0.71796	0.057149	0.28607
17	0.103	1.317	0.494	339.1	2.4525	0.29025	0.82396
18	0.11	1.299	0.652	21	0.91303	0.12315	0.33433
18	0.11	1.299	0.652	36.4	0.31752	0.03623	0.12635
18	0.11	1.299	0.652	51.7	0.13558	0.031935	0.050586
18	0.11	1.299	0.652	73.1	0.09455	0.019891	0.039065
18	0.11	1.299	0.652	149.7	0.037111	0.0084533	0.015838
18	0.11	1.299	0.652	249.3	0.042787	0.0092167	0.016623
18	0.11	1.299	0.652	286.9	0.071556	0.014544	0.026869
18	0.11	1.299	0.652	318.7	0.21246	0.024392	0.07656
18	0.11	1.299	0.652	339	0.98316	0.11778	0.37469
19	0.104	1.628	0.129	36.9	6.5857	0.7781	3.3323
19	0.104	1.628	0.129	52	4.6323	0.61204	2.2685
19	0.104	1.628	0.129	67.1	3.8112	0.41643	1.5464
19	0.104	1.628	0.129	82.2	2.2957	0.33453	1.0124
19	0.104	1.628	0.129	103.9	1.5494	0.36718	0.69031
19	0.104	1.628	0.129	127.3	0.96429	0.18236	0.37166
19	0.104	1.628	0.129	142.4	0.91605	0.14108	0.30986
19	0.104	1.628	0.129	157.4	0.50064	0.097358	0.18952
19	0.104	1.628	0.129	180	0.80959	0.15989	0.28896
19	0.104	1.628	0.129	271.3	1.8708	0.30656	0.67438
19	0.104	1.628	0.129	292.9	3.3984	0.39786	1.2697
19	0.104	1.628	0.129	308	4.4215	0.42692	1.647
19	0.104	1.628	0.129	338.1	11.77	2.0504	4.54
20	0.103	1.625	0.201	36.7	4.1924	0.38271	1.4762
20	0.103	1.625	0.201	51.9	2.0472	0.17515	0.78293
20	0.103	1.625	0.201	67	1.6259	0.12805	0.65432
20	0.103	1.625	0.201	82.1	1.4039	0.15187	0.46619
20	0.103	1.625	0.201	112.3	0.67841	0.12995	0.30296
20	0.103	1.625	0.201	127.3	0.57919	0.058119	0.2021
20	0.103	1.625	0.201	142.4	0.48583	0.040703	0.16532
20	0.103	1.625	0.201	157.4	0.48062	0.038868	0.15756
20	0.103	1.625	0.201	172.5	0.43685	0.049668	0.15738
20	0.103	1.625	0.201	195.2	0.49628	0.076011	0.21023
20	0.103	1.625	0.201	271.4	1.0677	0.12467	0.41823
20	0.103	1.625	0.201	293	1.2995	0.10801	0.43021
20	0.103	1.625	0.201	308.1	2.1384	0.15595	0.69179
20	0.103	1.625	0.201	323.2	4.3673	0.38468	2.0028
20	0.103	1.625	0.201	338.5	11.855	2.2329	4.5906
21	0.102	1.633	0.328	36.6	1.7025	0.11428	0.66671
21	0.102	1.633	0.328	51.8	0.95581	0.061367	0.31002
21	0.102	1.633	0.328	73	0.50201	0.044025	0.17096
21	0.102	1.633	0.328	112.2	0.19023	0.061156	0.066078
21	0.102	1.633	0.328	134.4	0.17522	0.013852	0.057283
21	0.102	1.633	0.328	157.4	0.17477	0.015492	0.057486
21	0.102	1.633	0.328	180	0.18927	0.017754	0.061795
21	0.102	1.633	0.328	247.8	0.24195	0.052768	0.093044
21	0.102	1.633	0.328	262.8	0.16769	0.032238	0.072965
21	0.102	1.633	0.328	277.9	0.41427	0.060057	0.13788
21	0.102	1.633	0.328	293	0.56305	0.054177	0.213
21	0.102	1.633	0.328	308.2	0.92973	0.059855	0.35183
21	0.102	1.633	0.328	323.5	1.7446	0.11356	0.8641
22	0.109	1.605	0.473	36.5	0.65485	0.03611	0.23588
22	0.109	1.605	0.473	51.8	0.32675	0.024561	0.10989
22	0.109	1.605	0.473	67	0.20089	0.040807	0.071279
22	0.109	1.605	0.473	127.4	0.064727	0.014856	0.02266
22	0.109	1.605	0.473	142.4	0.069648	0.0095582	0.023366
22	0.109	1.605	0.473	157.5	0.04623	0.0066496	0.018844
22	0.109	1.605	0.473	172.5	0.05788	0.0086418	0.019174
22	0.109	1.605	0.473	195.2	0.054343	0.013208	0.018086
22	0.109	1.605	0.473	240.9	0.060924	0.011924	0.020341
22	0.109	1.605	0.473	262.8	0.091604	0.01316	0.030663
22	0.109	1.605	0.473	277.9	0.13626	0.019122	0.053481
22	0.109	1.605	0.473	293	0.1992	0.030696	0.069432
22	0.109	1.605	0.473	308.2	0.33486	0.026115	0.11408
22	0.109	1.605	0.473	323.5	0.6731	0.039319	0.24643
22	0.109	1.605	0.473	339.1	1.5926	0.26397	0.62606
23	0.109	1.599	0.674	21.3	0.58554	0.063295	0.21604
23	0.109	1.599	0.674	36.6	0.28912	0.021892	0.10063
23	0.109	1.599	0.674	51.8	0.16953	0.021665	0.064608
23	0.109	1.599	0.674	134.5	0.026273	0.0060289	0.0099609
23	0.109	1.599	0.674	157.4	0.03367	0.006757	0.012517
23	0.109	1.599	0.674	187.7	0.016791	0.0045817	0.0061165
23	0.109	1.599	0.674	249.6	0.030273	0.0052703	0.010516
23	0.109	1.599	0.674	286.9	0.062096	0.013307	0.023161
23	0.109	1.599	0.674	308.2	0.090821	0.016509	0.039946
23	0.109	1.599	0.674	323.4	0.25331	0.020487	0.090319
23	0.109	1.599	0.674	338.7	0.65603	0.065242	0.23778
24	0.133	1.328	0.129	7.4	3.5934	1.2193	1.5717
24	0.133	1.328	0.129	28.8	3.0544	0.94612	1.4038
24	0.133	1.328	0.129	95.4	0.64057	0.17907	0.29633
24	0.133	1.328	0.129	141.6	0.28903	0.071363	0.10221
24	0.133	1.328	0.129	195.6	0.29185	0.077723	0.1458
25	0.133	1.327	0.197	104.2	0.30187	0.062854	0.11036
25	0.133	1.327	0.197	127.4	0.25326	0.05501	0.08539
25	0.133	1.327	0.197	142.4	0.26847	0.043652	0.090754
25	0.133	1.327	0.197	157.5	0.21995	0.038353	0.078414
25	0.133	1.327	0.197	172.5	0.25864	0.052954	0.086862
25	0.133	1.327	0.197	187.5	0.24921	0.046984	0.08203
25	0.133	1.327	0.197	202.5	0.23734	0.045703	0.093151
25	0.133	1.327	0.197	225.4	0.29801	0.080004	0.14483
26	0.133	1.326	0.323	119.4	0.21387	0.037089	0.084528
26	0.133	1.326	0.323	142.5	0.1051	0.020881	0.042585
26	0.133	1.326	0.323	157.5	0.12398	0.021812	0.048622
26	0.133	1.326	0.323	172.5	0.092701	0.020395	0.033945
26	0.133	1.326	0.323	187.5	0.072797	0.020844	0.026206
26	0.133	1.326	0.323	210.2	0.12036	0.021458	0.040551
26	0.133	1.326	0.323	286.5	0.25228	0.060531	0.11857
26	0.133	1.326	0.323	317.6	0.3715	0.093032	0.14533
27	0.131	1.327	0.516	8.3	3.9367	0.52702	1.631
27	0.131	1.327	0.516	57.7	0.15417	0.052	0.062938
27	0.131	1.327	0.516	134.7	0.056733	0.012838	0.023051
27	0.131	1.327	0.516	157.4	0.054496	0.013779	0.025666
27	0.131	1.327	0.516	172.5	0.053688	0.014182	0.022419
27	0.131	1.327	0.516	202.8	0.031536	0.0088709	0.015659
27	0.131	1.327	0.516	271.1	0.072087	0.015671	0.027793
27	0.131	1.327	0.516	338.9	1.1012	0.13059	0.47345
28	0.134	1.302	0.705	36.4	0.26144	0.065823	0.10499
28	0.134	1.302	0.705	63	0.067807	0.013228	0.025534
28	0.134	1.302	0.705	187.5	0.020575	0.0076683	0.0093764
28	0.134	1.302	0.705	264.3	0.037128	0.010043	0.016534
28	0.134	1.302	0.705	314.5	0.098475	0.021752	0.03787
29	0.132	1.697	0.129	7.4	3.1337	0.29433	1.4139
29	0.132	1.697	0.129	22.2	2.5255	0.21823	0.94921
29	0.132	1.697	0.129	37.1	1.5636	0.1606	0.60226
29	0.132	1.697	0.129	52.1	1.2618	0.19472	0.59017
29	0.132	1.697	0.129	67.1	1.3268	0.27673	0.46365
29	0.132	1.697	0.129	97.2	0.59377	0.13246	0.20197
29	0.132	1.697	0.129	112.3	0.55001	0.11609	0.20092
29	0.132	1.697	0.129	127.3	0.55897	0.08131	0.18708
29	0.132	1.697	0.129	142.4	0.33852	0.050963	0.11568
29	0.132	1.697	0.129	164.8	0.24514	0.035014	0.078335
29	0.132	1.697	0.129	203.1	0.2483	0.041608	0.084996
29	0.132	1.697	0.129	286.3	1.2109	0.28546	0.54324
29	0.132	1.697	0.129	307.9	1.4466	0.18471	0.72121
29	0.132	1.697	0.129	322.9	1.7749	0.16311	0.63694
29	0.132	1.697	0.129	337.8	2.3943	0.22755	0.82554
29	0.132	1.697	0.129	352.6	2.9596	0.31249	1.257
30	0.132	1.698	0.197	7.3	2.6097	0.20728	1.0468
30	0.132	1.698	0.197	22	2.0408	0.12494	0.77902
30	0.132	1.698	0.197	37	1.2537	0.079819	0.42623
30	0.132	1.698	0.197	52	0.80246	0.073555	0.2993
30	0.132	1.698	0.197	67.1	0.67779	0.10894	0.24101
30	0.132	1.698	0.197	82.2	0.89401	0.2279	0.39908
30	0.132	1.698	0.197	97.2	0.62202	0.093724	0.23343
30	0.132	1.698	0.197	112.3	0.3109	0.036498	0.10007
30	0.132	1.698	0.197	127.3	0.25606	0.021931	0.087515
30	0.132	1.698	0.197	142.4	0.24939	0.016872	0.082574
30	0.132	1.698	0.197	157.4	0.24634	0.016368	0.07938
30	0.132	1.698	0.197	172.5	0.2151	0.018998	0.07163
30	0.132	1.698	0.197	187.5	0.2524	0.023723	0.082193
30	0.132	1.698	0.197	202.6	0.19954	0.023233	0.065217
30	0.132	1.698	0.197	225.6	0.1895	0.038899	0.065239
30	0.132	1.698	0.197	286.5	0.40021	0.066096	0.15861
30	0.132	1.698	0.197	308	0.8993	0.07478	0.31289
30	0.132	1.698	0.197	323	1.3877	0.080471	0.46823
30	0.132	1.698	0.197	338	1.6473	0.098265	0.55038
30	0.132	1.698	0.197	352.7	2.4621	0.19522	0.8833
31	0.131	1.706	0.324	6.7	2.3438	0.22734	0.84811
31	0.131	1.706	0.324	21.6	1.3481	0.077022	0.4535
31	0.131	1.706	0.324	36.7	0.75378	0.038225	0.25156
31	0.131	1.706	0.324	51.9	0.43005	0.03552	0.17164
31	0.131	1.706	0.324	67	0.25303	0.059355	0.096496
31	0.131	1.706	0.324	104	0.13434	0.02039	0.045975
31	0.131	1.706	0.324	127.4	0.10768	0.012086	0.036052
31	0.131	1.706	0.324	142.4	0.092385	0.0075352	0.031187
31	0.131	1.706	0.324	157.5	0.085485	0.0067376	0.028837
31	0.131	1.706	0.324	172.5	0.089037	0.0077031	0.030186
31	0.131	1.706	0.324	187.5	0.076133	0.009493	0.025161
31	0.131	1.706	0.324	202.5	0.086129	0.010809	0.028802
31	0.131	1.706	0.324	217.6	0.061685	0.018819	0.028863
31	0.131	1.706	0.324	256	0.13309	0.023261	0.045477
31	0.131	1.706	0.324	277.9	0.2104	0.030328	0.073253
31	0.131	1.706	0.324	293	0.26503	0.03963	0.086507
31	0.131	1.706	0.324	308.1	0.40976	0.036207	0.14201
31	0.131	1.706	0.324	323.2	0.70506	0.035409	0.23548
31	0.131	1.706	0.324	338.4	1.4084	0.073142	0.47469
31	0.131	1.706	0.324	353.2	2.2239	0.18394	0.84128
32	0.126	1.719	0.523	21	1.029	0.066104	0.35928
32	0.126	1.719	0.523	36.5	0.41643	0.022842	0.13803
32	0.126	1.719	0.523	57.5	0.17815	0.019039	0.06548
32	0.126	1.719	0.523	119.3	0.039045	0.0067505	0.015176
32	0.126	1.719	0.523	142.4	0.034181	0.0042868	0.012073
32	0.126	1.719	0.523	157.4	0.042214	0.0042035	0.014741
32	0.126	1.719	0.523	172.5	0.04054	0.0044304	0.014382
32	0.126	1.719	0.523	187.5	0.028	0.0050439	0.0098368
32	0.126	1.719	0.523	210.3	0.025588	0.0051444	0.0091229
32	0.126	1.719	0.523	247.7	0.060693	0.01382	0.026229
32	0.126	1.719	0.523	262.8	0.065983	0.0088667	0.022892
32	0.126	1.719	0.523	277.9	0.078379	0.0080067	0.02663
32	0.126	1.719	0.523	293	0.1058	0.010995	0.036911
32	0.126	1.719	0.523	308.2	0.15441	0.01616	0.052638
32	0.126	1.719	0.523	323.5	0.36961	0.020784	0.12394
32	0.126	1.719	0.523	339	1.2252	0.071108	0.44653
33	0.135	1.648	0.693	20.8	0.52124	0.044009	0.18012
33	0.135	1.648	0.693	36.4	0.15761	0.012871	0.056346
33	0.135	1.648	0.693	51.8	0.078116	0.011677	0.027088
33	0.135	1.648	0.693	73.2	0.03023	0.0063123	0.012976
33	0.135	1.648	0.693	134.6	0.018456	0.0033737	0.0064669
33	0.135	1.648	0.693	157.5	0.017884	0.0033131	0.0073629
33	0.135	1.648	0.693	172.5	0.018193	0.0033829	0.0066229
33	0.135	1.648	0.693	195.1	0.011696	0.0029464	0.0040642
33	0.135	1.648	0.693	255.8	0.020796	0.0035336	0.0074132
33	0.135	1.648	0.693	277.9	0.043045	0.0056363	0.014961
33	0.135	1.648	0.693	293	0.04381	0.0070182	0.015337
33	0.135	1.648	0.693	308.3	0.051959	0.011779	0.018138
33	0.135	1.648	0.693	323.5	0.15738	0.015577	0.055744
33	0.135	1.648	0.693	339.2	0.55357	0.041129	0.18958
34	0.145	1.642	0.855	36.4	0.072961	0.0095702	0.027197
34	0.145	1.642	0.855	51.8	0.040516	0.00793	0.015074
34	0.145	1.642	0.855	79.2	0.014613	0.0031756	0.0057527
34	0.145	1.642	0.855	164.9	0.011228	0.0021999	0.0047387
34	0.145	1.642	0.855	248.9	0.013435	0.0027397	0.0059969
34	0.145	1.642	0.855	277.8	0.020452	0.0042374	0.0071241
34	0.145	1.642	0.855	293	0.020331	0.0057729	0.0078392
34	0.145	1.642	0.855	323.5	0.061792	0.0087843	0.022515
35	0.137	2.136	0.129	7.4	5.2652	0.31934	1.7178
35	0.137	2.136	0.129	22.1	3.3291	0.19831	1.1153
35	0.137	2.136	0.129	37	2.2036	0.14836	0.70353
35	0.137	2.136	0.129	52.1	1.7793	0.15706	0.61726
35	0.137	2.136	0.129	67.2	1.3215	0.15729	0.43126
35	0.137	2.136	0.129	82.2	1.079	0.20067	0.38189
35	0.137	2.136	0.129	104	0.41512	0.085329	0.14707
35	0.137	2.136	0.129	127.3	0.37605	0.072153	0.12274
35	0.137	2.136	0.129	142.4	0.23088	0.047669	0.1074
35	0.137	2.136	0.129	164.8	0.23268	0.041033	0.075571
35	0.137	2.136	0.129	195.2	0.38001	0.084958	0.15636
35	0.137	2.136	0.129	271.3	1.2956	0.34372	0.51365
35	0.137	2.136	0.129	292.9	1.4886	0.17265	0.50382
35	0.137	2.136	0.129	307.9	1.8353	0.13278	0.61211
35	0.137	2.136	0.129	322.9	2.5475	0.15449	0.82263
35	0.137	2.136	0.129	337.9	3.5292	0.23395	1.1776
35	0.137	2.136	0.129	352.6	4.3782	0.30096	1.4288
36	0.137	2.136	0.197	7.1	5.0417	0.27628	1.6902
36	0.137	2.136	0.197	21.8	3.0844	0.12798	1.0148
36	0.137	2.136	0.197	36.9	1.7004	0.06614	0.55809
36	0.137	2.136	0.197	52	1.0296	0.052044	0.33536
36	0.137	2.136	0.197	67.1	0.81053	0.059864	0.27169
36	0.137	2.136	0.197	82.2	0.67839	0.10401	0.23026
36	0.137	2.136	0.197	97.2	0.40833	0.069508	0.15362
36	0.137	2.136	0.197	112.3	0.31635	0.037098	0.10338
36	0.137	2.136	0.197	127.3	0.23909	0.02082	0.078569
36	0.137	2.136	0.197	142.4	0.28047	0.020265	0.092933
36	0.137	2.136	0.197	157.4	0.22812	0.017554	0.075976
36	0.137	2.136	0.197	172.5	0.19303	0.020982	0.064681
36	0.137	2.136	0.197	187.5	0.19212	0.026777	0.069483
36	0.137	2.136	0.197	210.3	0.19986	0.031185	0.077347
36	0.137	2.136	0.197	265.3	0.30662	0.052944	0.115
36	0.137	2.136	0.197	293	0.70721	0.053983	0.22947
36	0.137	2.136	0.197	308	1.0861	0.05038	0.34994
36	0.137	2.136	0.197	323.1	1.7974	0.064888	0.69168
36	0.137	2.136	0.197	338.1	2.9024	0.12384	0.95334
36	0.137	2.136	0.197	352.9	4.5677	0.26503	1.5182
37	0.132	2.126	0.344	21.3	2.8015	0.15429	0.94352
37	0.132	2.126	0.344	36.7	0.97603	0.036897	0.31884
37	0.132	2.126	0.344	51.8	0.48146	0.024824	0.15998
37	0.132	2.126	0.344	73.1	0.30129	0.030301	0.10312
37	0.132	2.126	0.344	103.9	0.12219	0.016235	0.042611
37	0.132	2.126	0.344	127.3	0.10881	0.010414	0.035925
37	0.132	2.126	0.344	142.4	0.10149	0.0081442	0.032189
37	0.132	2.126	0.344	157.4	0.078773	0.0065815	0.025857
37	0.132	2.126	0.344	172.5	0.064325	0.0072396	0.021503
37	0.132	2.126	0.344	187.5	0.093887	0.013492	0.032269
37	0.132	2.126	0.344	202.5	0.069252	0.014051	0.022548
37	0.132	2.126	0.344	234.2	0.10451	0.016541	0.037246
37	0.132	2.126	0.344	262.8	0.095986	0.014482	0.032126
37	0.132	2.126	0.344	277.9	0.15818	0.025146	0.063941
37	0.132	2.126	0.344	293	0.31857	0.031655	0.10619
37	0.132	2.126	0.344	308.2	0.47824	0.02499	0.15622
37	0.132	2.126	0.344	323.3	0.96791	0.035896	0.31896
37	0.132	2.126	0.344	338.7	2.7175	0.14573	0.9346
38	0.133	2.098	0.474	36.5	0.4758	0.021297	0.15887
38	0.133	2.098	0.474	51.8	0.24685	0.017261	0.083791
38	0.133	2.098	0.474	67	0.15114	0.034522	0.055093
38	0.133	2.098	0.474	112.3	0.078702	0.017609	0.025924
38	0.133	2.098	0.474	127.3	0.050709	0.0079783	0.016672
38	0.133	2.098	0.474	142.4	0.042325	0.0051552	0.014652
38	0.133	2.098	0.474	157.4	0.043011	0.0046868	0.014278
38	0.133	2.098	0.474	172.5	0.040594	0.0052821	0.013816
38	0.133	2.098	0.474	187.5	0.045182	0.0083919	0.016943
38	0.133	2.098	0.474	218.6	0.040221	0.0084816	0.017919
38	0.133	2.098	0.474	262.8	0.066038	0.0083626	0.022513
38	0.133	2.098	0.474	277.9	0.094365	0.011369	0.031539
38	0.133	2.098	0.474	293	0.11778	0.018036	0.038799
38	0.133	2.098	0.474	308.2	0.24656	0.017473	0.082146
38	0.133	2.098	0.474	323.5	0.4565	0.02136	0.15315
39	0.145	2.096	0.67	21	0.39965	0.04028	0.13622
39	0.145	2.096	0.67	36.5	0.15434	0.0098298	0.054219
39	0.145	2.096	0.67	57.5	0.055124	0.0063592	0.018635
39	0.145	2.096	0.67	126.1	0.01564	0.0025582	0.0055946
39	0.145	2.096	0.67	187.7	0.015016	0.0023593	0.0049492
39	0.145	2.096	0.67	240.7	0.012126	0.003053	0.0046411
39	0.145	2.096	0.67	262.8	0.012691	0.0030036	0.0052497
39	0.145	2.096	0.67	277.9	0.032329	0.0051409	0.010616
39	0.145	2.096	0.67	293	0.034438	0.0082465	0.012683
39	0.145	2.096	0.67	308.2	0.060199	0.0085041	0.022504
39	0.145	2.096	0.67	323.5	0.15039	0.010018	0.052778
39	0.145	2.096	0.67	339	0.46476	0.044531	0.16361
40	0.177	1.323	0.197	7.4	0.73839	0.24962	0.30216
40	0.177	1.323	0.197	55.6	0.60928	0.1911	0.23976
40	0.177	1.323	0.197	104.5	0.26126	0.070582	0.092686
40	0.177	1.323	0.197	142.1	0.18178	0.064658	0.083821
41	0.177	1.322	0.322	126.9	0.17053	0.043868	0.075765
41	0.177	1.322	0.322	187.7	0.069751	0.026116	0.028753
42	0.176	1.319	0.501	11.3	0.85049	0.23534	0.31591
42	0.176	1.319	0.501	333.6	0.34574	0.1088	0.14018
43	0.176	1.682	0.129	7.4	0.7528	0.10163	0.28729
43	0.176	1.682	0.129	22.3	0.67644	0.087888	0.24083
43	0.176	1.682	0.129	37.3	0.51873	0.083341	0.18605
43	0.176	1.682	0.129	52.2	0.46022	0.10613	0.16375
43	0.176	1.682	0.129	67.2	0.3583	0.099358	0.14948
43	0.176	1.682	0.129	89.1	0.12214	0.028394	0.051204
43	0.176	1.682	0.129	126.4	0.068015	0.023915	0.025125
43	0.176	1.682	0.129	345.5	0.81407	0.16481	0.33336
44	0.176	1.68	0.196	7.4	0.57322	0.051958	0.19392
44	0.176	1.68	0.196	22.2	0.56984	0.052131	0.19415
44	0.176	1.68	0.196	37.2	0.536	0.072387	0.18425
44	0.176	1.68	0.196	52.2	0.36348	0.069523	0.14466
44	0.176	1.68	0.196	67.2	0.3048	0.065289	0.10303
44	0.176	1.68	0.196	82.3	0.20036	0.030253	0.070476
44	0.176	1.68	0.196	97.3	0.16819	0.020077	0.061412
44	0.176	1.68	0.196	112.3	0.11975	0.01548	0.042288
44	0.176	1.68	0.196	127.4	0.13192	0.019943	0.053124
44	0.176	1.68	0.196	142.4	0.12052	0.016651	0.044591
44	0.176	1.68	0.196	157.5	0.098254	0.018601	0.034205
44	0.176	1.68	0.196	172.4	0.10052	0.023936	0.039669
44	0.176	1.68	0.196	187.5	0.094015	0.02233	0.037661
44	0.176	1.68	0.196	202.5	0.11244	0.022078	0.040837
44	0.176	1.68	0.196	233.5	0.1166	0.02043	0.044595
44	0.176	1.68	0.196	331.3	0.36511	0.087097	0.15381
44	0.176	1.68	0.196	352.6	0.61119	0.089755	0.21765
45	0.176	1.677	0.32	7.3	0.36972	0.032596	0.13838
45	0.176	1.677	0.32	27.9	0.25345	0.027131	0.095857
45	0.176	1.677	0.32	89.1	0.063912	0.014166	0.022602
45	0.176	1.677	0.32	112.4	0.04102	0.0073319	0.014359
45	0.176	1.677	0.32	127.4	0.057723	0.0091537	0.021003
45	0.176	1.677	0.32	142.4	0.056721	0.0078422	0.020071
45	0.176	1.677	0.32	157.5	0.038142	0.0066521	0.016296
45	0.176	1.677	0.32	172.5	0.055031	0.009128	0.021406
45	0.176	1.677	0.32	187.5	0.047997	0.0095064	0.021689
45	0.176	1.677	0.32	202.5	0.05683	0.0093391	0.027689
45	0.176	1.677	0.32	225.3	0.022925	0.0065053	0.010335
45	0.176	1.677	0.32	295.8	0.11733	0.037386	0.042527
45	0.176	1.677	0.32	332.1	0.26386	0.028445	0.092284
45	0.176	1.677	0.32	352.7	0.42042	0.03521	0.1788
46	0.175	1.673	0.499	6.9	0.52001	0.045323	0.17457
46	0.175	1.673	0.499	26.6	0.21611	0.020676	0.076128
46	0.175	1.673	0.499	127.4	0.034748	0.0066161	0.012798
46	0.175	1.673	0.499	142.4	0.025369	0.0054035	0.010766
46	0.175	1.673	0.499	157.5	0.025092	0.005379	0.011556
46	0.175	1.673	0.499	172.5	0.025376	0.0057376	0.012199
46	0.175	1.673	0.499	187.5	0.022473	0.0061993	0.0090846
46	0.175	1.673	0.499	210.1	0.02065	0.0044467	0.0080364
46	0.175	1.673	0.499	270.9	0.044066	0.0072873	0.015386
46	0.175	1.673	0.499	292.9	0.052558	0.0092538	0.019405
46	0.175	1.673	0.499	308	0.07077	0.013546	0.027685
46	0.175	1.673	0.499	323.2	0.11051	0.021453	0.045114
46	0.175	1.673	0.499	338.4	0.29031	0.024927	0.095079
46	0.175	1.673	0.499	353.2	0.51533	0.03507	0.17497
47	0.173	1.668	0.713	5.3	1.2428	0.19824	0.46119
47	0.173	1.668	0.713	21.1	0.28111	0.035797	0.099985
47	0.173	1.668	0.713	51.9	0.028685	0.0085922	0.012842
47	0.173	1.668	0.713	126.9	0.013138	0.0034577	0.0064233
47	0.173	1.668	0.713	255.5	0.020752	0.0050431	0.0076886
47	0.173	1.668	0.713	277.7	0.028891	0.0053744	0.011888
47	0.173	1.668	0.713	292.9	0.02684	0.0051739	0.0091725
47	0.173	1.668	0.713	308.1	0.040768	0.0081818	0.016477
47	0.173	1.668	0.713	323.5	0.066855	0.012387	0.03205
47	0.173	1.668	0.713	339	0.21488	0.020665	0.074967
47	0.173	1.668	0.713	354.7	1.3504	0.17833	0.50283
48	0.172	1.655	0.907	41.6	0.024904	0.004778	0.010004
48	0.172	1.655	0.907	263.8	0.0053696	0.0019725	0.0024716
48	0.172	1.655	0.907	318.4	0.032308	0.0082997	0.012475
49	0.174	2.227	0.129	7.4	0.88219	0.07512	0.29208
49	0.174	2.227	0.129	22.3	0.78513	0.069481	0.26366
49	0.174	2.227	0.129	37.2	0.51385	0.05756	0.1709
49	0.174	2.227	0.129	52.2	0.45109	0.075645	0.15066
49	0.174	2.227	0.129	67.2	0.40307	0.068351	0.13611
49	0.174	2.227	0.129	82.2	0.25296	0.046305	0.09124
49	0.174	2.227	0.129	97.3	0.11966	0.027643	0.038768
49	0.174	2.227	0.129	119.3	0.13435	0.023681	0.046212
49	0.174	2.227	0.129	149.6	0.063667	0.015095	0.025853
49	0.174	2.227	0.129	195.7	0.055122	0.016475	0.023073
49	0.174	2.227	0.129	301.2	0.558	0.12117	0.18367
49	0.174	2.227	0.129	322.7	0.59773	0.080737	0.19903
49	0.174	2.227	0.129	337.7	0.63724	0.071968	0.20722
49	0.174	2.227	0.129	352.6	0.85399	0.086413	0.27736
50	0.174	2.226	0.196	7.4	0.70409	0.032794	0.23021
50	0.174	2.226	0.196	22.2	0.65609	0.029709	0.21359
50	0.174	2.226	0.196	37.1	0.45103	0.026404	0.14562
50	0.174	2.226	0.196	52.1	0.30633	0.031237	0.10268
50	0.174	2.226	0.196	67.1	0.36411	0.040123	0.12628
50	0.174	2.226	0.196	82.2	0.20933	0.019477	0.072683
50	0.174	2.226	0.196	97.2	0.16883	0.013991	0.058734
50	0.174	2.226	0.196	112.3	0.14966	0.01279	0.050643
50	0.174	2.226	0.196	127.4	0.13093	0.010487	0.046774
50	0.174	2.226	0.196	142.4	0.098279	0.0075429	0.034247
50	0.174	2.226	0.196	157.4	0.092043	0.0076768	0.03073
50	0.174	2.226	0.196	172.5	0.08901	0.010066	0.030446
50	0.174	2.226	0.196	187.5	0.10125	0.01224	0.035953
50	0.174	2.226	0.196	202.5	0.095589	0.012097	0.031777
50	0.174	2.226	0.196	217.6	0.10087	0.015414	0.035113
50	0.174	2.226	0.196	240.7	0.088061	0.022485	0.032387
50	0.174	2.226	0.196	286.3	0.2718	0.079004	0.11456
50	0.174	2.226	0.196	307.8	0.31493	0.033928	0.10195
50	0.174	2.226	0.196	322.9	0.47784	0.029363	0.15339
50	0.174	2.226	0.196	337.8	0.63933	0.03184	0.20694
50	0.174	2.226	0.196	352.6	0.72227	0.035019	0.23414
51	0.174	2.228	0.32	7.2	0.58029	0.026275	0.18796
51	0.174	2.228	0.32	21.9	0.4399	0.018164	0.14501
51	0.174	2.228	0.32	36.9	0.27689	0.014634	0.092032
51	0.174	2.228	0.32	52	0.14741	0.016703	0.048484
51	0.174	2.228	0.32	67.1	0.12312	0.035255	0.048644
51	0.174	2.228	0.32	82.2	0.065809	0.013802	0.026873
51	0.174	2.228	0.32	97.2	0.068509	0.0077845	0.022322
51	0.174	2.228	0.32	112.3	0.057766	0.0055918	0.01859
51	0.174	2.228	0.32	127.3	0.049454	0.0046101	0.016795
51	0.174	2.228	0.32	142.4	0.046713	0.0034361	0.015441
51	0.174	2.228	0.32	157.4	0.037516	0.0030229	0.01256
51	0.174	2.228	0.32	172.5	0.03599	0.0034562	0.012205
51	0.174	2.228	0.32	187.5	0.049363	0.0053836	0.017629
51	0.174	2.228	0.32	202.5	0.043742	0.0049144	0.014575
51	0.174	2.228	0.32	217.6	0.043579	0.0062175	0.015025
51	0.174	2.228	0.32	240.7	0.039717	0.009204	0.014541
51	0.174	2.228	0.32	262.7	0.062413	0.013049	0.021128
51	0.174	2.228	0.32	277.8	0.05977	0.010482	0.01954
51	0.174	2.228	0.32	292.9	0.11857	0.023207	0.043436
51	0.174	2.228	0.32	308	0.15605	0.017176	0.050903
51	0.174	2.228	0.32	323.1	0.27564	0.014646	0.090996
51	0.174	2.228	0.32	338.1	0.44115	0.01686	0.14476
51	0.174	2.228	0.32	352.8	0.60391	0.026022	0.19963
52	0.171	2.26	0.506	21.5	0.39187	0.019054	0.12979
52	0.171	2.26	0.506	36.7	0.16693	0.0095007	0.055631
52	0.171	2.26	0.506	57.8	0.065794	0.0092795	0.024644
52	0.171	2.26	0.506	104.1	0.027638	0.0033624	0.009911
52	0.171	2.26	0.506	127.4	0.020509	0.0028957	0.0072484
52	0.171	2.26	0.506	142.4	0.022894	0.0022331	0.0077962
52	0.171	2.26	0.506	157.5	0.015767	0.0016777	0.0053652
52	0.171	2.26	0.506	172.5	0.018396	0.0021184	0.006874
52	0.171	2.26	0.506	187.5	0.012386	0.0022682	0.0049011
52	0.171	2.26	0.506	202.5	0.017406	0.0028027	0.006201
52	0.171	2.26	0.506	225.4	0.018396	0.0034687	0.0069845
52	0.171	2.26	0.506	247.7	0.024518	0.0052978	0.0086091
52	0.171	2.26	0.506	262.7	0.027392	0.0040385	0.0093817
52	0.171	2.26	0.506	277.8	0.039498	0.0041662	0.013132
52	0.171	2.26	0.506	292.9	0.060765	0.0065099	0.020329
52	0.171	2.26	0.506	308.1	0.089596	0.0092886	0.031062
52	0.171	2.26	0.506	323.3	0.14815	0.0087886	0.051945
52	0.171	2.26	0.506	338.6	0.36588	0.015494	0.12145
53	0.165	2.29	0.734	36.5	0.092742	0.0071006	0.031963
53	0.165	2.29	0.734	51.8	0.046699	0.007884	0.019364
53	0.165	2.29	0.734	73.3	0.015724	0.004029	0.0072616
53	0.165	2.29	0.734	119.4	0.0060121	0.0014172	0.0024468
53	0.165	2.29	0.734	142.4	0.0080711	0.001566	0.0030087
53	0.165	2.29	0.734	157.5	0.0076352	0.001311	0.0028293
53	0.165	2.29	0.734	172.5	0.0099695	0.0017561	0.003852
53	0.165	2.29	0.734	195.1	0.0061392	0.0013662	0.0030256
53	0.165	2.29	0.734	233.5	0.0084947	0.0017491	0.0032623
53	0.165	2.29	0.734	262.7	0.013689	0.0022563	0.0051912
53	0.165	2.29	0.734	277.8	0.018898	0.0024555	0.0065601
53	0.165	2.29	0.734	293	0.023002	0.0029086	0.0079986
53	0.165	2.29	0.734	308.2	0.04425	0.0058511	0.015489
53	0.165	2.29	0.734	323.4	0.082505	0.0063622	0.028109
54	0.175	2.194	0.898	36.5	0.045155	0.0050019	0.016845
54	0.175	2.194	0.898	51.8	0.022399	0.0038597	0.0080166
54	0.175	2.194	0.898	95.5	0.0076222	0.0022379	0.0030301
54	0.175	2.194	0.898	141.9	0.0043721	0.00089591	0.0020893
54	0.175	2.194	0.898	187.6	0.0030609	0.00092617	0.0012607
54	0.175	2.194	0.898	233.4	0.0032576	0.0012115	0.0016263
54	0.175	2.194	0.898	262.7	0.0049398	0.001403	0.0017647
54	0.175	2.194	0.898	277.8	0.012118	0.0018905	0.0043418
54	0.175	2.194	0.898	293	0.010715	0.0019924	0.004087
54	0.175	2.194	0.898	308.2	0.020128	0.0042886	0.0073217
54	0.175	2.194	0.898	323.5	0.032857	0.0042502	0.012105
55	0.18	2.805	0.196	7.3	1.1447	0.04547	0.37921
55	0.18	2.805	0.196	22.1	0.8631	0.032329	0.2805
55	0.18	2.805	0.196	37.1	0.60181	0.027853	0.19738
55	0.18	2.805	0.196	52.1	0.44299	0.028697	0.14475
55	0.18	2.805	0.196	67.1	0.32354	0.035672	0.11618
55	0.18	2.805	0.196	82.2	0.19764	0.025342	0.068743
55	0.18	2.805	0.196	97.2	0.14691	0.016819	0.047899
55	0.18	2.805	0.196	112.2	0.12254	0.014505	0.040306
55	0.18	2.805	0.196	127.3	0.094159	0.0096552	0.03271
55	0.18	2.805	0.196	142.4	0.089674	0.009043	0.030251
55	0.18	2.805	0.196	157.4	0.083769	0.0091454	0.028257
55	0.18	2.805	0.196	172.5	0.076138	0.012583	0.026477
55	0.18	2.805	0.196	187.5	0.084442	0.015774	0.036164
55	0.18	2.805	0.196	202.6	0.09364	0.016919	0.035322
55	0.18	2.805	0.196	253.3	0.074653	0.01726	0.03062
55	0.18	2.805	0.196	292.8	0.35497	0.052926	0.119
55	0.18	2.805	0.196	307.9	0.45344	0.027222	0.15089
55	0.18	2.805	0.196	322.9	0.60006	0.025647	0.20015
55	0.18	2.805	0.196	337.9	0.80979	0.032355	0.26415
55	0.18	2.805	0.196	352.7	1.0917	0.045574	0.37374
56	0.179	2.803	0.322	6.9	1.0062	0.051135	0.33154
56	0.179	2.803	0.322	21.7	0.63459	0.024522	0.21026
56	0.179	2.803	0.322	36.8	0.35833	0.014171	0.11823
56	0.179	2.803	0.322	52	0.23426	0.014734	0.075709
56	0.179	2.803	0.322	67	0.16397	0.028078	0.05571
56	0.179	2.803	0.322	82.2	0.065775	0.013776	0.022994
56	0.179	2.803	0.322	97.2	0.062074	0.0081577	0.020365
56	0.179	2.803	0.322	112.3	0.055613	0.0066018	0.018257
56	0.179	2.803	0.322	127.4	0.042273	0.004333	0.014048
56	0.179	2.803	0.322	142.4	0.03451	0.0032013	0.012146
56	0.179	2.803	0.322	157.4	0.037191	0.0033301	0.012371
56	0.179	2.803	0.322	172.5	0.03262	0.0038361	0.011211
56	0.179	2.803	0.322	187.5	0.028296	0.0048862	0.0092692
56	0.179	2.803	0.322	202.5	0.04343	0.0065496	0.014254
56	0.179	2.803	0.322	225.6	0.029446	0.0066797	0.0099902
56	0.179	2.803	0.322	247.7	0.043553	0.010068	0.020054
56	0.179	2.803	0.322	262.8	0.069517	0.010343	0.02454
56	0.179	2.803	0.322	277.9	0.061842	0.011089	0.020657
56	0.179	2.803	0.322	293	0.11561	0.018856	0.038619
56	0.179	2.803	0.322	308.1	0.19811	0.012647	0.064302
56	0.179	2.803	0.322	323.2	0.35651	0.013647	0.11468
56	0.179	2.803	0.322	338.3	0.62419	0.02357	0.20357
56	0.179	2.803	0.322	353.1	0.98953	0.049795	0.32601
57	0.173	2.786	0.519	36.6	0.20233	0.0094489	0.065694
57	0.173	2.786	0.519	51.9	0.11006	0.008978	0.036625
57	0.173	2.786	0.519	78.9	0.046953	0.0088288	0.017247
57	0.173	2.786	0.519	112.3	0.021293	0.0039836	0.007228
57	0.173	2.786	0.519	127.3	0.011571	0.0021783	0.0043415
57	0.173	2.786	0.519	142.4	0.017112	0.0019708	0.0055988
57	0.173	2.786	0.519	157.5	0.012167	0.0016129	0.0039942
57	0.173	2.786	0.519	172.5	0.014161	0.0020315	0.0047054
57	0.173	2.786	0.519	187.5	0.014817	0.003055	0.0049379
57	0.173	2.786	0.519	202.6	0.01413	0.0034184	0.0048799
57	0.173	2.786	0.519	234	0.021061	0.0027869	0.0069979
57	0.173	2.786	0.519	262.8	0.021267	0.0032851	0.0077123
57	0.173	2.786	0.519	277.9	0.029055	0.004079	0.010021
57	0.173	2.786	0.519	293	0.04687	0.0085891	0.017052
57	0.173	2.786	0.519	308.2	0.096794	0.0081301	0.031958
58	0.177	2.817	0.652	36.5	0.093816	0.0061254	0.031742
58	0.177	2.817	0.652	57.6	0.044033	0.0058748	0.015773
58	0.177	2.817	0.652	110.5	0.010854	0.0021126	0.0038491
58	0.177	2.817	0.652	157.4	0.0074635	0.0014946	0.0027512
58	0.177	2.817	0.652	180	0.0083217	0.0014917	0.0033228
58	0.177	2.817	0.652	218.5	0.0086536	0.0022152	0.0028271
58	0.177	2.817	0.652	247.7	0.0091995	0.0024523	0.0036299
58	0.177	2.817	0.652	262.8	0.015063	0.0028514	0.0058314
58	0.177	2.817	0.652	277.9	0.024548	0.0036368	0.0081959
58	0.177	2.817	0.652	293	0.028599	0.0055866	0.013692
58	0.177	2.817	0.652	308.2	0.050335	0.0073608	0.017909
58	0.177	2.817	0.652	323.5	0.088129	0.0061028	0.028868
59	0.233	1.67	0.197	7.4	0.22307	0.029165	0.080177
59	0.233	1.67	0.197	22.3	0.17797	0.019428	0.063747
59	0.233	1.67	0.197	37.3	0.18253	0.021803	0.064224
59	0.233	1.67	0.197	52.3	0.12911	0.020173	0.045344
59	0.233	1.67	0.197	67.3	0.10541	0.024201	0.040852
59	0.233	1.67	0.197	82.4	0.076413	0.017311	0.036667
59	0.233	1.67	0.197	111.7	0.063576	0.01429	0.02581
59	0.233	1.67	0.197	187.6	0.067889	0.024485	0.025914
59	0.233	1.67	0.197	309.3	0.16749	0.033301	0.070591
59	0.233	1.67	0.197	337.6	0.19523	0.031959	0.06748
59	0.233	1.67	0.197	352.6	0.21516	0.027203	0.072545
60	0.233	1.667	0.32	7.4	0.14322	0.018005	0.048184
60	0.233	1.667	0.32	22.2	0.13468	0.020449	0.044662
60	0.233	1.667	0.32	37.2	0.12813	0.026846	0.050432
60	0.233	1.667	0.32	82.4	0.078099	0.020104	0.031971
60	0.233	1.667	0.32	97.4	0.050289	0.011504	0.01988
60	0.233	1.667	0.32	112.4	0.048909	0.012587	0.023288
60	0.233	1.667	0.32	127.5	0.044511	0.016676	0.018445
60	0.233	1.667	0.32	149.9	0.030058	0.01151	0.010654
60	0.233	1.667	0.32	180	0.042262	0.0089273	0.01698
60	0.233	1.667	0.32	217.8	0.048874	0.012333	0.018411
60	0.233	1.667	0.32	345.8	0.1199	0.017213	0.045581
61	0.233	1.663	0.496	96.7	0.027248	0.0088733	0.011613
61	0.233	1.663	0.496	142.5	0.02204	0.0065965	0.0081033
61	0.233	1.663	0.496	164.9	0.015517	0.0050688	0.006424
61	0.233	1.663	0.496	202.5	0.020359	0.0075411	0.0073075
61	0.233	1.663	0.496	278.9	0.043913	0.012444	0.021481
61	0.233	1.663	0.496	326.9	0.093416	0.029552	0.044885
61	0.233	1.663	0.496	352.8	0.13731	0.02984	0.053779
62	0.232	1.656	0.701	6.7	0.18871	0.031881	0.076313
62	0.232	1.656	0.701	127.2	0.018003	0.0048031	0.0071935
62	0.232	1.656	0.701	157.5	0.012808	0.0042416	0.0055921
62	0.232	1.656	0.701	270.4	0.027581	0.0064929	0.01161
62	0.232	1.656	0.701	323.2	0.029336	0.0093592	0.012418
62	0.232	1.656	0.701	348.7	0.19234	0.026126	0.073124
63	0.229	1.633	0.914	7.6	0.29685	0.053621	0.12245
63	0.229	1.633	0.914	187.6	0.0074526	0.0027017	0.0031632
63	0.229	1.633	0.914	334.8	0.036776	0.009287	0.015034
63	0.229	1.633	0.914	354.8	0.47871	0.091009	0.1791
64	0.231	2.204	0.196	7.4	0.21467	0.014135	0.072095
64	0.231	2.204	0.196	22.3	0.17611	0.010091	0.058561
64	0.231	2.204	0.196	37.3	0.14882	0.0098896	0.049791
64	0.231	2.204	0.196	52.3	0.11505	0.010136	0.039073
64	0.231	2.204	0.196	67.3	0.093496	0.011218	0.033896
64	0.231	2.204	0.196	82.3	0.066718	0.0079429	0.02528
64	0.231	2.204	0.196	97.3	0.045183	0.0070307	0.017592
64	0.231	2.204	0.196	119.5	0.059707	0.010325	0.021444
64	0.231	2.204	0.196	157.1	0.039427	0.0088988	0.013879
64	0.231	2.204	0.196	248.8	0.041306	0.012646	0.018033
64	0.231	2.204	0.196	307.8	0.11017	0.026019	0.043411
64	0.231	2.204	0.196	322.7	0.16858	0.023389	0.061617
64	0.231	2.204	0.196	337.7	0.17688	0.017326	0.058741
64	0.231	2.204	0.196	352.6	0.16357	0.012606	0.054457
65	0.232	2.201	0.319	7.4	0.12078	0.0088256	0.039952
65	0.232	2.201	0.319	22.2	0.097932	0.0075549	0.031911
65	0.232	2.201	0.319	37.1	0.082663	0.0085241	0.029747
65	0.232	2.201	0.319	52.2	0.060358	0.0080078	0.019753
65	0.232	2.201	0.319	67.2	0.047052	0.0079099	0.017
65	0.232	2.201	0.319	82.3	0.033667	0.0047751	0.012534
65	0.232	2.201	0.319	97.3	0.030677	0.0038316	0.010281
65	0.232	2.201	0.319	112.4	0.028264	0.0040403	0.0098486
65	0.232	2.201	0.319	127.4	0.029039	0.0048808	0.010057
65	0.232	2.201	0.319	142.4	0.016068	0.0041694	0.0056
65	0.232	2.201	0.319	157.5	0.023468	0.0068375	0.0079955
65	0.232	2.201	0.319	172.5	0.019395	0.0034866	0.006732
65	0.232	2.201	0.319	187.5	0.016514	0.0033683	0.0066612
65	0.232	2.201	0.319	210.2	0.013088	0.0035145	0.0045274
65	0.232	2.201	0.319	240.4	0.020269	0.0057099	0.0090746
65	0.232	2.201	0.319	331.3	0.099421	0.018305	0.034799
65	0.232	2.201	0.319	352.6	0.11133	0.0095916	0.036302
66	0.232	2.197	0.494	7.2	0.12754	0.0097858	0.043357
66	0.232	2.197	0.494	22	0.084178	0.012086	0.028733
66	0.232	2.197	0.494	48.6	0.032909	0.01248	0.014442
66	0.232	2.197	0.494	89.3	0.019244	0.0031522	0.0067577
66	0.232	2.197	0.494	127.4	0.013657	0.002995	0.0056497
66	0.232	2.197	0.494	142.4	0.01044	0.0021355	0.0039
66	0.232	2.197	0.494	157.5	0.0066329	0.002066	0.0024715
66	0.232	2.197	0.494	172.5	0.0075779	0.0020089	0.0031308
66	0.232	2.197	0.494	187.5	0.0097993	0.0016037	0.0035218
66	0.232	2.197	0.494	202.5	0.01039	0.0023407	0.0037212
66	0.232	2.197	0.494	217.5	0.011525	0.0041576	0.0046017
66	0.232	2.197	0.494	248.5	0.01242	0.0037815	0.0048696
66	0.232	2.197	0.494	277.7	0.019639	0.0052063	0.0071765
66	0.232	2.197	0.494	292.8	0.031567	0.0072432	0.012909
66	0.232	2.197	0.494	332.2	0.068074	0.010826	0.025455
66	0.232	2.197	0.494	352.8	0.11987	0.0093964	0.039488
67	0.231	2.193	0.698	6.9	0.12942	0.010203	0.042887
67	0.231	2.193	0.698	21.6	0.06532	0.010024	0.02453
67	0.231	2.193	0.698	142.4	0.0045332	0.0015094	0.0019925
67	0.231	2.193	0.698	157.5	0.0043258	0.001272	0.0016396
67	0.231	2.193	0.698	180	0.0039925	0.0010244	0.0015246
67	0.231	2.193	0.698	202.5	0.0039341	0.0013233	0.0015053
67	0.231	2.193	0.698	277.7	0.011921	0.0024441	0.004172
67	0.231	2.193	0.698	292.8	0.017317	0.0029179	0.0059333
67	0.231	2.193	0.698	308	0.017087	0.0032457	0.0061431
67	0.231	2.193	0.698	323.2	0.027067	0.0049275	0.0095817
67	0.231	2.193	0.698	338.4	0.063722	0.0068422	0.02085
67	0.231	2.193	0.698	353.1	0.13242	0.009665	0.044956
68	0.229	2.187	0.904	6	0.17857	0.019937	0.065674
68	0.229	2.187	0.904	21.2	0.051552	0.0077252	0.019945
68	0.229	2.187	0.904	36.6	0.016862	0.0046376	0.0066256
68	0.229	2.187	0.904	52	0.0069923	0.0022334	0.0027089
68	0.229	2.187	0.904	74	0.0073323	0.0020998	0.0030226
68	0.229	2.187	0.904	134.9	0.0036993	0.0010647	0.0015684
68	0.229	2.187	0.904	165	0.0036606	0.00084235	0.0015468
68	0.229	2.187	0.904	277.7	0.0046327	0.00142	0.0018544
68	0.229	2.187	0.904	292.8	0.0085714	0.0019105	0.0036781
68	0.229	2.187	0.904	308	0.0056067	0.001996	0.0028318
68	0.229	2.187	0.904	323.3	0.017929	0.0030057	0.0062035
68	0.229	2.187	0.904	338.8	0.045301	0.0050869	0.017182
68	0.229	2.187	0.904	354	0.1687	0.015716	0.056324
69	0.229	2.921	0.196	7.4	0.21446	0.012804	0.070384
69	0.229	2.921	0.196	22.3	0.1795	0.010043	0.058701
69	0.229	2.921	0.196	37.2	0.13991	0.0093895	0.045813
69	0.229	2.921	0.196	52.2	0.1218	0.011706	0.042405
69	0.229	2.921	0.196	67.2	0.083734	0.0085721	0.029928
69	0.229	2.921	0.196	82.3	0.064027	0.0066558	0.022165
69	0.229	2.921	0.196	97.3	0.049517	0.0063112	0.017741
69	0.229	2.921	0.196	112.3	0.048425	0.0082241	0.017632
69	0.229	2.921	0.196	134.5	0.042928	0.0072653	0.016132
69	0.229	2.921	0.196	164.8	0.024188	0.0058805	0.0095252
69	0.229	2.921	0.196	195.2	0.039506	0.013869	0.013817
69	0.229	2.921	0.196	286.1	0.066561	0.02569	0.025923
69	0.229	2.921	0.196	307.8	0.10864	0.024613	0.039174
69	0.229	2.921	0.196	322.7	0.13836	0.014855	0.047222
69	0.229	2.921	0.196	337.7	0.18275	0.014076	0.0585
69	0.229	2.921	0.196	352.5	0.21739	0.01402	0.070016
70	0.229	2.92	0.319	7.4	0.14078	0.0067848	0.045208
70	0.229	2.92	0.319	22.2	0.12461	0.0062884	0.040958
70	0.229	2.92	0.319	37.1	0.10042	0.0066494	0.033536
70	0.229	2.92	0.319	52.1	0.065554	0.0072415	0.023038
70	0.229	2.92	0.319	67.2	0.046575	0.0058148	0.01575
70	0.229	2.92	0.319	82.3	0.04002	0.0036447	0.012966
70	0.229	2.92	0.319	97.3	0.027491	0.0025804	0.0090386
70	0.229	2.92	0.319	112.3	0.018553	0.0023112	0.0063583
70	0.229	2.92	0.319	127.4	0.017381	0.0023779	0.0061565
70	0.229	2.92	0.319	142.4	0.024121	0.0028181	0.010027
70	0.229	2.92	0.319	157.5	0.012913	0.0022133	0.0048968
70	0.229	2.92	0.319	172.5	0.015576	0.0023759	0.0053233
70	0.229	2.92	0.319	187.5	0.02001	0.0030675	0.0072918
70	0.229	2.92	0.319	202.5	0.019099	0.004088	0.0087303
70	0.229	2.92	0.319	232.6	0.015802	0.0046651	0.0062913
70	0.229	2.92	0.319	255.8	0.019265	0.0044126	0.0084205
70	0.229	2.92	0.319	277.8	0.03882	0.0094742	0.016618
70	0.229	2.92	0.319	292.8	0.059528	0.014589	0.0251
70	0.229	2.92	0.319	307.9	0.069578	0.014521	0.023876
70	0.229	2.92	0.319	322.9	0.0848	0.0071509	0.027604
70	0.229	2.92	0.319	337.9	0.11546	0.0062475	0.037992
70	0.229	2.92	0.319	352.6	0.13674	0.006575	0.04407
71	0.228	2.923	0.494	7.1	0.12219	0.0060997	0.040191
71	0.228	2.923	0.494	21.9	0.085306	0.0045045	0.027909
71	0.228	2.923	0.494	36.9	0.057031	0.0046423	0.018986
71	0.228	2.923	0.494	52	0.029024	0.0066743	0.011061
71	0.228	2.923	0.494	73.6	0.018802	0.0030263	0.0068596
71	0.228	2.923	0.494	97.3	0.015538	0.001953	0.005402
71	0.228	2.923	0.494	112.3	0.0090766	0.0013266	0.0033718
71	0.228	2.923	0.494	127.4	0.0093631	0.0014673	0.0033752
71	0.228	2.923	0.494	142.4	0.0090251	0.0012275	0.0034214
71	0.228	2.923	0.494	157.4	0.0064066	0.0011619	0.0022062
71	0.228	2.923	0.494	172.5	0.0043872	0.0010262	0.0016756
71	0.228	2.923	0.494	187.5	0.0081427	0.001282	0.002768
71	0.228	2.923	0.494	202.5	0.00748	0.0015102	0.0027188
71	0.228	2.923	0.494	247.6	0.010539	0.0026805	0.0042525
71	0.228	2.923	0.494	262.7	0.0072172	0.0017134	0.0032676
71	0.228	2.923	0.494	277.8	0.020183	0.002648	0.0067702
71	0.228	2.923	0.494	292.9	0.021071	0.0032419	0.0082841
71	0.228	2.923	0.494	308	0.029035	0.0039681	0.009596
71	0.228	2.923	0.494	323.1	0.056354	0.0046419	0.01854
71	0.228	2.923	0.494	338.1	0.082609	0.0040943	0.027137
71	0.228	2.923	0.494	352.8	0.12963	0.0060913	0.041764
72	0.225	2.953	0.703	21.5	0.068699	0.0045458	0.023137
72	0.225	2.953	0.703	58	0.012914	0.0038472	0.0048518
72	0.225	2.953	0.703	119.5	0.0029255	0.00069273	0.0014751
72	0.225	2.953	0.703	142.5	0.002791	0.00081466	0.0010587
72	0.225	2.953	0.703	157.4	0.0032177	0.00083391	0.0012461
72	0.225	2.953	0.703	172.5	0.0038886	0.0010541	0.0013907
72	0.225	2.953	0.703	187.5	0.0033687	0.00084382	0.0013683
72	0.225	2.953	0.703	202.6	0.0034741	0.0010124	0.0012584
72	0.225	2.953	0.703	225.3	0.0041365	0.0013392	0.0015203
72	0.225	2.953	0.703	262.7	0.0056601	0.0012061	0.0025189
72	0.225	2.953	0.703	277.8	0.0095582	0.0013514	0.0032442
72	0.225	2.953	0.703	292.9	0.011306	0.0017221	0.004042
72	0.225	2.953	0.703	308.1	0.015079	0.002257	0.0057318
72	0.225	2.953	0.703	323.3	0.02786	0.002918	0.009883
72	0.225	2.953	0.703	338.5	0.066067	0.0038638	0.021472
73	0.218	3.031	0.902	21.1	0.052734	0.0046024	0.02038
73	0.218	3.031	0.902	36.6	0.018118	0.0026334	0.0068726
73	0.218	3.031	0.902	57.9	0.006496	0.0014071	0.0022839
73	0.218	3.031	0.902	149.9	0.0019138	0.00045688	0.00062571
73	0.218	3.031	0.902	180	0.0012018	0.00044722	0.00049268
73	0.218	3.031	0.902	277.8	0.0061133	0.0010144	0.0021408
73	0.218	3.031	0.902	292.9	0.0053483	0.0010651	0.0026084
73	0.218	3.031	0.902	308.1	0.0084	0.0016962	0.0031986
73	0.218	3.031	0.902	323.4	0.020622	0.0025216	0.0070656
73	0.218	3.031	0.902	338.9	0.056101	0.0040314	0.018825
74	0.237	3.681	0.196	7.4	0.29218	0.016209	0.096747
74	0.237	3.681	0.196	22.2	0.2487	0.014321	0.080638
74	0.237	3.681	0.196	37.2	0.18146	0.01456	0.06039
74	0.237	3.681	0.196	52.2	0.15555	0.021758	0.051156
74	0.237	3.681	0.196	82.2	0.069757	0.013195	0.02926
74	0.237	3.681	0.196	97.3	0.071133	0.014115	0.032886
74	0.237	3.681	0.196	119.3	0.044922	0.011973	0.020222
74	0.237	3.681	0.196	156.9	0.026363	0.0070962	0.010472
74	0.237	3.681	0.196	203.1	0.049174	0.019171	0.024282
74	0.237	3.681	0.196	301.3	0.16408	0.023366	0.061942
74	0.237	3.681	0.196	322.8	0.21375	0.016418	0.073399
74	0.237	3.681	0.196	337.7	0.27552	0.017584	0.089558
74	0.237	3.681	0.196	352.6	0.28849	0.016359	0.094323
75	0.237	3.681	0.319	7.3	0.2138	0.0094499	0.069917
75	0.237	3.681	0.319	22.1	0.17732	0.0076859	0.057592
75	0.237	3.681	0.319	37	0.13095	0.0069542	0.042352
75	0.237	3.681	0.319	52.1	0.09255	0.0097389	0.032824
75	0.237	3.681	0.319	67.1	0.034906	0.0056236	0.011511
75	0.237	3.681	0.319	82.2	0.030148	0.0039505	0.010331
75	0.237	3.681	0.319	97.2	0.027791	0.0034673	0.010295
75	0.237	3.681	0.319	112.3	0.023511	0.0038535	0.0092376
75	0.237	3.681	0.319	127.3	0.019682	0.0035536	0.0070183
75	0.237	3.681	0.319	142.4	0.017747	0.0034942	0.0074414
75	0.237	3.681	0.319	157.4	0.019711	0.0041364	0.0086869
75	0.237	3.681	0.319	172.5	0.016992	0.0038357	0.0059228
75	0.237	3.681	0.319	195.2	0.013125	0.003273	0.0049387
75	0.237	3.681	0.319	234	0.012672	0.0033289	0.0051793
75	0.237	3.681	0.319	277.8	0.034424	0.0075281	0.012464
75	0.237	3.681	0.319	308	0.085035	0.0093241	0.028779
75	0.237	3.681	0.319	323	0.1404	0.0074446	0.045674
75	0.237	3.681	0.319	338	0.18211	0.0079233	0.05889
75	0.237	3.681	0.319	352.7	0.22175	0.0098532	0.072475
76	0.234	3.675	0.498	6.6	0.23719	0.013833	0.079677
76	0.234	3.675	0.498	21.6	0.13833	0.006382	0.044958
76	0.234	3.675	0.498	36.8	0.073553	0.0039848	0.024268
76	0.234	3.675	0.498	51.9	0.046972	0.0057758	0.015845
76	0.234	3.675	0.498	73.4	0.012318	0.0025218	0.0053651
76	0.234	3.675	0.498	97.2	0.0098979	0.0017299	0.0034629
76	0.234	3.675	0.498	112.3	0.011528	0.0018587	0.0038399
76	0.234	3.675	0.498	127.4	0.008638	0.0016393	0.0035763
76	0.234	3.675	0.498	149.7	0.0058663	0.0010044	0.0020611
76	0.234	3.675	0.498	180	0.0059583	0.0013646	0.0028416
76	0.234	3.675	0.498	247.7	0.011324	0.0023429	0.0038946
76	0.234	3.675	0.498	262.8	0.0095867	0.0017328	0.0034243
76	0.234	3.675	0.498	277.8	0.01582	0.0024323	0.0054438
76	0.234	3.675	0.498	292.9	0.017466	0.003401	0.0068595
76	0.234	3.675	0.498	308	0.034292	0.0041668	0.011288
76	0.234	3.675	0.498	323.2	0.073654	0.0041163	0.023811
76	0.234	3.675	0.498	338.4	0.1337	0.0059462	0.044049
76	0.234	3.675	0.498	353.3	0.22092	0.01244	0.073649
77	0.226	3.651	0.718	36.7	0.04395	0.003251	0.014592
77	0.226	3.651	0.718	51.9	0.02934	0.0060504	0.0098937
77	0.226	3.651	0.718	88.8	0.0069316	0.0017395	0.0024705
77	0.226	3.651	0.718	119.3	0.0035721	0.00084702	0.0013182
77	0.226	3.651	0.718	240.7	0.0051607	0.0011763	0.0022257
77	0.226	3.651	0.718	262.7	0.0090889	0.0015319	0.0035255
77	0.226	3.651	0.718	277.8	0.0093105	0.0015474	0.0030956
77	0.226	3.651	0.718	293	0.010912	0.0023443	0.0036276
77	0.226	3.651	0.718	308.1	0.021352	0.0038641	0.0073553
77	0.226	3.651	0.718	323.4	0.0451	0.0034172	0.015015
78	0.309	1.664	0.198	14.8	0.084007	0.015028	0.035176
78	0.309	1.664	0.198	44.7	0.055102	0.012512	0.02267
78	0.309	1.664	0.198	315.3	0.046073	0.011876	0.019237
78	0.309	1.664	0.198	345.1	0.055586	0.011448	0.019477
79	0.31	1.662	0.321	37.4	0.051296	0.012232	0.018704
79	0.31	1.662	0.321	52.4	0.030814	0.010566	0.013662
79	0.31	1.662	0.321	74.7	0.047624	0.011731	0.020214
79	0.31	1.662	0.321	337.6	0.056245	0.01421	0.022036
79	0.31	1.662	0.321	352.5	0.049237	0.010891	0.02009
80	0.31	1.659	0.496	7.4	0.040862	0.011616	0.015323
80	0.31	1.659	0.496	135	0.029586	0.0097943	0.012102
80	0.31	1.659	0.496	345.9	0.033865	0.010182	0.012934
81	0.308	2.19	0.197	7.5	0.049395	0.0061993	0.017309
81	0.308	2.19	0.197	22.4	0.046654	0.0052929	0.01734
81	0.308	2.19	0.197	37.4	0.046037	0.0057385	0.016152
81	0.308	2.19	0.197	52.4	0.033995	0.0058946	0.013601
81	0.308	2.19	0.197	300.5	0.032583	0.0070768	0.014035
81	0.308	2.19	0.197	322.6	0.034623	0.0057901	0.011879
81	0.308	2.19	0.197	337.6	0.053173	0.0063749	0.018188
81	0.308	2.19	0.197	352.5	0.045369	0.0060018	0.015941
82	0.309	2.187	0.32	7.4	0.039295	0.0039249	0.013753
82	0.309	2.187	0.32	22.4	0.037708	0.003481	0.012561
82	0.309	2.187	0.32	37.4	0.026669	0.0029132	0.0090087
82	0.309	2.187	0.32	52.3	0.024922	0.002994	0.0087726
82	0.309	2.187	0.32	67.4	0.02056	0.0033517	0.0079085
82	0.309	2.187	0.32	82.4	0.017863	0.0051344	0.0075099
82	0.309	2.187	0.32	97.4	0.015728	0.0052413	0.0053768
82	0.309	2.187	0.32	127.5	0.015872	0.0038177	0.0066189
82	0.309	2.187	0.32	142.5	0.012733	0.0029775	0.0041897
82	0.309	2.187	0.32	157.4	0.012565	0.0047213	0.0051904
82	0.309	2.187	0.32	172.5	0.01111	0.0035614	0.0037371
82	0.309	2.187	0.32	187.5	0.010314	0.003064	0.0035223
82	0.309	2.187	0.32	217.5	0.01007	0.0030067	0.0036018
82	0.309	2.187	0.32	322.7	0.02103	0.0040098	0.0076645
82	0.309	2.187	0.32	337.6	0.030561	0.0035429	0.010651
82	0.309	2.187	0.32	352.6	0.042132	0.0035132	0.014155
83	0.309	2.183	0.494	7.4	0.031619	0.003391	0.010675
83	0.309	2.183	0.494	22.2	0.021935	0.0034685	0.0077465
83	0.309	2.183	0.494	37.2	0.015733	0.0034138	0.0054231
83	0.309	2.183	0.494	52.3	0.016384	0.0041381	0.0057858
83	0.309	2.183	0.494	67.3	0.011612	0.0034957	0.0044964
83	0.309	2.183	0.494	127.5	0.011463	0.0029729	0.0046078
83	0.309	2.183	0.494	142.5	0.0077528	0.0016645	0.0034249
83	0.309	2.183	0.494	157.5	0.008699	0.0019303	0.0029056
83	0.309	2.183	0.494	172.5	0.010362	0.0036163	0.0038841
83	0.309	2.183	0.494	187.5	0.0087826	0.0016656	0.0030686
83	0.309	2.183	0.494	202.5	0.007863	0.0027105	0.0029756
83	0.309	2.183	0.494	217.5	0.0056821	0.0022018	0.0020894
83	0.309	2.183	0.494	232.5	0.0068976	0.0020127	0.0026685
83	0.309	2.183	0.494	331	0.018728	0.0054563	0.0092048
83	0.309	2.183	0.494	352.6	0.024754	0.0031812	0.0084416
84	0.309	2.179	0.697	13.5	0.024742	0.0037928	0.011097
84	0.309	2.179	0.697	142.5	0.0069298	0.0016565	0.0024677
84	0.309	2.179	0.697	157.5	0.0060479	0.0013766	0.0021297
84	0.309	2.179	0.697	300.8	0.010906	0.0029312	0.0043804
85	0.308	2.174	0.899	6.9	0.021881	0.0046277	0.0077635
85	0.308	2.174	0.899	157.5	0.0045358	0.0012658	0.0019015
85	0.308	2.174	0.899	323	0.0075767	0.0024466	0.0035024
85	0.308	2.174	0.899	347.8	0.02228	0.0047895	0.0080203
86	0.305	2.891	0.197	7.5	0.045468	0.0047654	0.015893
86	0.305	2.891	0.197	22.4	0.041828	0.0041719	0.015724
86	0.305	2.891	0.197	37.4	0.026482	0.0033861	0.0089374
86	0.305	2.891	0.197	52.4	0.029766	0.0053399	0.0098007
86	0.305	2.891	0.197	74.4	0.028284	0.0065836	0.011255
86	0.305	2.891	0.197	111.5	0.014465	0.0038208	0.0065919
86	0.305	2.891	0.197	164.9	0.011055	0.0038725	0.0037542
86	0.305	2.891	0.197	270.5	0.024402	0.0075465	0.0083458
86	0.305	2.891	0.197	300.6	0.036859	0.0089102	0.013956
86	0.305	2.891	0.197	322.6	0.037549	0.0065897	0.013201
86	0.305	2.891	0.197	337.6	0.044799	0.0057263	0.015766
86	0.305	2.891	0.197	352.6	0.038675	0.004568	0.014211
87	0.306	2.887	0.319	7.4	0.031377	0.0022781	0.01065
87	0.306	2.887	0.319	22.3	0.030228	0.0020695	0.010017
87	0.306	2.887	0.319	37.3	0.024614	0.0018737	0.0083356
87	0.306	2.887	0.319	52.3	0.020295	0.0019817	0.0067986
87	0.306	2.887	0.319	67.3	0.02168	0.0028914	0.0082329
87	0.306	2.887	0.319	82.3	0.016522	0.0029283	0.0063003
87	0.306	2.887	0.319	104.5	0.011633	0.0020306	0.0039717
87	0.306	2.887	0.319	127.4	0.013216	0.0018427	0.0043206
87	0.306	2.887	0.319	142.4	0.010632	0.0015549	0.0035245
87	0.306	2.887	0.319	165	0.0074792	0.0012647	0.0024612
87	0.306	2.887	0.319	187.5	0.0089531	0.0015377	0.0029089
87	0.306	2.887	0.319	210.1	0.0055493	0.0013001	0.0019012
87	0.306	2.887	0.319	240.4	0.007306	0.0016347	0.0029253
87	0.306	2.887	0.319	270.6	0.0092633	0.0031656	0.0040427
87	0.306	2.887	0.319	300.8	0.018196	0.0033066	0.0066329
87	0.306	2.887	0.319	322.7	0.022457	0.0031061	0.0081001
87	0.306	2.887	0.319	337.6	0.028843	0.0026799	0.0098033
87	0.306	2.887	0.319	352.6	0.032264	0.0022977	0.010721
88	0.307	2.881	0.493	7.4	0.023416	0.0019706	0.008036
88	0.307	2.881	0.493	22.2	0.018324	0.0018021	0.006125
88	0.307	2.881	0.493	37.2	0.016478	0.0019131	0.0057528
88	0.307	2.881	0.493	59	0.010771	0.0012742	0.0036631
88	0.307	2.881	0.493	119.7	0.0055869	0.00089631	0.0019605
88	0.307	2.881	0.493	142.5	0.0049398	0.00073715	0.0016676
88	0.307	2.881	0.493	180	0.0041826	0.00056011	0.0013704
88	0.307	2.881	0.493	210.1	0.0053569	0.00082521	0.0017386
88	0.307	2.881	0.493	240.3	0.0038728	0.00085413	0.001463
88	0.307	2.881	0.493	279	0.0057354	0.0019884	0.0023787
88	0.307	2.881	0.493	325.2	0.016765	0.0024013	0.0059385
88	0.307	2.881	0.493	352.6	0.022237	0.0020378	0.0077616
89	0.307	2.877	0.695	7.3	0.018074	0.0021201	0.0061001
89	0.307	2.877	0.695	22.1	0.011955	0.0028269	0.004102
89	0.307	2.877	0.695	43.5	0.010062	0.0026293	0.003907
89	0.307	2.877	0.695	74.2	0.0045907	0.0016045	0.0019082
89	0.307	2.877	0.695	104.6	0.0022097	0.0008486	0.00092814
89	0.307	2.877	0.695	127.5	0.0037276	0.0010377	0.001245
89	0.307	2.877	0.695	142.5	0.0032905	0.00057418	0.0013241
89	0.307	2.877	0.695	157.5	0.0028464	0.00052751	0.0010355
89	0.307	2.877	0.695	180	0.0022273	0.00042749	0.00073064
89	0.307	2.877	0.695	202.5	0.0029489	0.00058656	0.00098494
89	0.307	2.877	0.695	316.5	0.0091761	0.0018771	0.0037745
89	0.307	2.877	0.695	346.4	0.018473	0.0022572	0.0071335
90	0.307	2.872	0.897	12.6	0.012902	0.0015376	0.004755
90	0.307	2.872	0.897	164.9	0.0013029	0.00034619	0.00051107
90	0.307	2.872	0.897	285.8	0.0035484	0.00077847	0.0013527
90	0.307	2.872	0.897	316.9	0.0033709	0.00078098	0.0012232
90	0.307	2.872	0.897	347.3	0.015678	0.0016695	0.0051821
91	0.303	3.829	0.318	7.4	0.033142	0.0023872	0.010967
91	0.303	3.829	0.318	22.3	0.02778	0.0019869	0.0094216
91	0.303	3.829	0.318	37.2	0.025997	0.0020822	0.0089921
91	0.303	3.829	0.318	52.2	0.017493	0.0020185	0.0058957
91	0.303	3.829	0.318	67.2	0.012005	0.0019553	0.0044841
91	0.303	3.829	0.318	82.3	0.0083377	0.0016423	0.0031213
91	0.303	3.829	0.318	104.3	0.0087761	0.0013173	0.0030707
91	0.303	3.829	0.318	127.4	0.0066608	0.001104	0.0021812
91	0.303	3.829	0.318	142.4	0.0070679	0.0011995	0.0023406
91	0.303	3.829	0.318	157.5	0.0064936	0.001531	0.0021107
91	0.303	3.829	0.318	172.5	0.0064315	0.0010005	0.0020675
91	0.303	3.829	0.318	187.5	0.0061301	0.0010147	0.0021479
91	0.303	3.829	0.318	210.3	0.0056534	0.0011331	0.001813
91	0.303	3.829	0.318	232.6	0.0083586	0.001661	0.0030274
91	0.303	3.829	0.318	264.2	0.0048172	0.0014753	0.0016097
91	0.303	3.829	0.318	309.9	0.020418	0.0027001	0.0072124
91	0.303	3.829	0.318	337.7	0.038327	0.0033266	0.013332
91	0.303	3.829	0.318	352.6	0.033971	0.0023735	0.011322
92	0.303	3.826	0.492	7.3	0.026986	0.0016679	0.008739
92	0.303	3.826	0.492	22.2	0.022251	0.00143	0.0073338
92	0.303	3.826	0.492	37.1	0.016446	0.0014239	0.0055589
92	0.303	3.826	0.492	52.2	0.011112	0.0014527	0.0036714
92	0.303	3.826	0.492	67.2	0.0087476	0.001463	0.002973
92	0.303	3.826	0.492	82.3	0.0049748	0.00092484	0.0017122
92	0.303	3.826	0.492	104.3	0.0050823	0.00075044	0.0020688
92	0.303	3.826	0.492	127.4	0.0027103	0.0005268	0.00099783
92	0.303	3.826	0.492	142.5	0.0037595	0.00048702	0.00121
92	0.303	3.826	0.492	157.5	0.0039348	0.00062187	0.0012672
92	0.303	3.826	0.492	172.5	0.0023103	0.00048695	0.00075013
92	0.303	3.826	0.492	187.5	0.0028243	0.00041334	0.00092638
92	0.303	3.826	0.492	202.5	0.0034955	0.00057089	0.0011898
92	0.303	3.826	0.492	255.7	0.0027348	0.00081144	0.00095318
92	0.303	3.826	0.492	286.1	0.006778	0.0011209	0.0026285
92	0.303	3.826	0.492	316.6	0.013057	0.0016806	0.0044891
92	0.303	3.826	0.492	337.8	0.025937	0.0020469	0.0087085
92	0.303	3.826	0.492	352.7	0.029084	0.0017551	0.0096989
93	0.303	3.826	0.695	7.2	0.01751	0.0012918	0.0058604
93	0.303	3.826	0.695	21.9	0.016108	0.00134	0.0053915
93	0.303	3.826	0.695	43	0.0081033	0.0010868	0.0029241
93	0.303	3.826	0.695	104.4	0.002165	0.00056892	0.0010083
93	0.303	3.826	0.695	134.7	0.0013187	0.00023707	0.00060371
93	0.303	3.826	0.695	164.9	0.0010638	0.00021472	0.00034765
93	0.303	3.826	0.695	187.5	0.00084953	0.00024125	0.00037108
93	0.303	3.826	0.695	210.2	0.0012043	0.00025794	0.00040259
93	0.303	3.826	0.695	240.4	0.0014059	0.0005163	0.00051295
93	0.303	3.826	0.695	301.5	0.0057828	0.00073572	0.0021607
93	0.303	3.826	0.695	323	0.0074946	0.0012996	0.0024739
93	0.303	3.826	0.695	338.1	0.016065	0.0013136	0.0053737
93	0.303	3.826	0.695	352.8	0.023224	0.0015886	0.011277
94	0.301	3.836	0.898	6.8	0.021	0.0018846	0.0071065
94	0.301	3.836	0.898	27	0.010488	0.00099709	0.0035579
94	0.301	3.836	0.898	126.8	0.0010265	0.00020418	0.00037792
94	0.301	3.836	0.898	164.9	0.00084263	0.00017528	0.00028261
94	0.301	3.836	0.898	195.1	0.00069148	0.00015368	0.00030541
94	0.301	3.836	0.898	225.2	0.0011398	0.00033281	0.00051969
94	0.301	3.836	0.898	255.5	0.0017549	0.00050083	0.00067837
94	0.301	3.836	0.898	317.3	0.0048511	0.00062997	0.0017749
94	0.301	3.836	0.898	338.3	0.012276	0.0010786	0.0040273
94	0.301	3.836	0.898	353.2	0.018245	0.0015235	0.0060844
95	0.314	4.856	0.318	7.4	0.045109	0.0041876	0.016541
95	0.314	4.856	0.318	22.2	0.042281	0.0042551	0.013857
95	0.314	4.856	0.318	43.8	0.030405	0.0039585	0.010373
95	0.314	4.856	0.318	73.9	0.0122	0.0025832	0.0050711
95	0.314	4.856	0.318	104.2	0.0127	0.0023753	0.0047259
95	0.314	4.856	0.318	134.6	0.010495	0.0019268	0.0037083
95	0.314	4.856	0.318	164.8	0.0057036	0.0011342	0.0018256
95	0.314	4.856	0.318	195.2	0.0077188	0.0014124	0.0025116
95	0.314	4.856	0.318	233.7	0.0061377	0.0015558	0.0027369
95	0.314	4.856	0.318	316.2	0.039061	0.0060857	0.014681
95	0.314	4.856	0.318	337.7	0.042416	0.0043714	0.013969
95	0.314	4.856	0.318	352.6	0.052635	0.0044556	0.017902
96	0.313	4.854	0.492	7.3	0.038249	0.0024327	0.012378
96	0.313	4.854	0.492	22.1	0.02984	0.0020905	0.0097941
96	0.313	4.854	0.492	37	0.024531	0.002294	0.0087819
96	0.313	4.854	0.492	58.4	0.0086465	0.0016115	0.0033633
96	0.313	4.854	0.492	119.4	0.0036344	0.00061543	0.0011817
96	0.313	4.854	0.492	149.7	0.0032362	0.00053279	0.0010859
96	0.313	4.854	0.492	180	0.0021057	0.00039628	0.00087713
96	0.313	4.854	0.492	210.3	0.0025524	0.00062534	0.00089836
96	0.313	4.854	0.492	249.2	0.0028752	0.00082061	0.0012568
96	0.313	4.854	0.492	286.3	0.0078063	0.0016367	0.0034008
96	0.313	4.854	0.492	316.8	0.017369	0.0017432	0.0057261
96	0.313	4.854	0.492	338	0.03017	0.0020745	0.010115
96	0.313	4.854	0.492	352.7	0.040165	0.0025293	0.013509
97	0.395	2.199	0.322	14.9	0.017268	0.0029487	0.0076428
97	0.395	2.199	0.322	44.8	0.010158	0.0026107	0.0047724
97	0.395	2.199	0.322	74.8	0.012887	0.0044293	0.0050292
97	0.395	2.199	0.322	247.5	0.019995	0.0060963	0.0070095
97	0.395	2.199	0.322	262.5	0.015073	0.0051794	0.006722
97	0.395	2.199	0.322	292.8	0.010682	0.0039407	0.0041024
97	0.395	2.199	0.322	337.6	0.012051	0.0029671	0.0045495
97	0.395	2.199	0.322	352.5	0.014134	0.0031694	0.0053744
98	0.396	2.198	0.495	7.5	0.013535	0.0031159	0.0055761
98	0.396	2.198	0.495	22.4	0.015167	0.0035579	0.005633
98	0.396	2.198	0.495	44.7	0.007193	0.0018378	0.0030094
98	0.396	2.198	0.495	127.5	0.016196	0.0040958	0.0056125
98	0.396	2.198	0.495	150	0.015193	0.0044185	0.0053372
98	0.396	2.198	0.495	337.6	0.013516	0.0032027	0.0065428
98	0.396	2.198	0.495	352.5	0.013563	0.0027346	0.0050284
99	0.396	2.195	0.696	14.4	0.00888	0.0025192	0.0037448
99	0.396	2.195	0.696	104.9	0.0053629	0.0021209	0.0024994
99	0.396	2.195	0.696	150	0.019048	0.0055642	0.0069073
100	0.396	2.193	0.898	134.9	0.014272	0.0035779	0.0068811
101	0.398	2.869	0.321	7.5	0.0094501	0.0017397	0.0033596
101	0.398	2.869	0.321	22.4	0.0098058	0.0017845	0.0038975
101	0.398	2.869	0.321	37.4	0.0090074	0.0018428	0.0031567
101	0.398	2.869	0.321	52.4	0.0057677	0.0020705	0.0024156
101	0.398	2.869	0.321	67.4	0.007518	0.0025276	0.0027944
101	0.398	2.869	0.321	82.4	0.0075144	0.0018245	0.0025169
101	0.398	2.869	0.321	97.4	0.0066243	0.0015616	0.0022889
101	0.398	2.869	0.321	112.5	0.0041479	0.0016166	0.0015132
101	0.398	2.869	0.321	142.3	0.0061169	0.0016866	0.0019561
101	0.398	2.869	0.321	210.1	0.0064617	0.0017998	0.0021303
101	0.398	2.869	0.321	247.6	0.0069616	0.0022778	0.0025159
101	0.398	2.869	0.321	262.5	0.0072535	0.0021837	0.00265
101	0.398	2.869	0.321	277.5	0.0107	0.0025853	0.0036205
101	0.398	2.869	0.321	337.6	0.010119	0.0016844	0.0036764
101	0.398	2.869	0.321	352.5	0.0080085	0.0014103	0.0027963
102	0.399	2.865	0.494	7.5	0.0064229	0.00098625	0.0023506
102	0.399	2.865	0.494	22.4	0.0080412	0.0011888	0.0027886
102	0.399	2.865	0.494	37.4	0.0085605	0.0011674	0.0031526
102	0.399	2.865	0.494	52.4	0.0044022	0.0010697	0.0017096
102	0.399	2.865	0.494	74.7	0.0026485	0.0010492	0.0012392
102	0.399	2.865	0.494	112.5	0.0041533	0.00087814	0.0015085
102	0.399	2.865	0.494	142.5	0.0048909	0.0017618	0.0018377
102	0.399	2.865	0.494	157.5	0.0049608	0.0014544	0.0018694
102	0.399	2.865	0.494	210	0.0065292	0.0010993	0.0020576
102	0.399	2.865	0.494	322.6	0.0061727	0.0013369	0.0024095
102	0.399	2.865	0.494	337.6	0.0080351	0.0011966	0.002735
102	0.399	2.865	0.494	352.5	0.0076742	0.00099698	0.0026468
103	0.4	2.86	0.696	7.4	0.0057894	0.0010519	0.0020747
103	0.4	2.86	0.696	22.3	0.0046358	0.0012168	0.0018089
103	0.4	2.86	0.696	97.5	0.0027417	0.00089868	0.0011628
103	0.4	2.86	0.696	112.5	0.0031724	0.00074791	0.0011345
103	0.4	2.86	0.696	127.5	0.0039026	0.00092415	0.0015182
103	0.4	2.86	0.696	157.5	0.0034617	0.0009778	0.0010604
103	0.4	2.86	0.696	180	0.0033707	0.00084181	0.0010362
103	0.4	2.86	0.696	202.5	0.0042881	0.0014797	0.001637
103	0.4	2.86	0.696	217.5	0.0035151	0.0011071	0.001154
103	0.4	2.86	0.696	337.7	0.0092538	0.0021258	0.0039245
103	0.4	2.86	0.696	352.6	0.0050356	0.0010256	0.0019233
104	0.4	2.858	0.897	7.4	0.0044373	0.0010827	0.0016339
104	0.4	2.858	0.897	127.5	0.0029615	0.00074645	0.001099
104	0.4	2.858	0.897	180	0.0028681	0.00084387	0.00095827
105	0.396	3.787	0.321	7.5	0.0073049	0.0011936	0.0026612
105	0.396	3.787	0.321	22.4	0.005571	0.0011828	0.0021042
105	0.396	3.787	0.321	37.4	0.0071131	0.0016263	0.0031983
105	0.396	3.787	0.321	52.4	0.0074091	0.0017968	0.0028734
105	0.396	3.787	0.321	67.4	0.0072174	0.0013418	0.0024239
105	0.396	3.787	0.321	82.4	0.0063518	0.00104	0.0021568
105	0.396	3.787	0.321	97.4	0.0042918	0.00094934	0.001587
105	0.396	3.787	0.321	112.4	0.004948	0.0012835	0.0018832
105	0.396	3.787	0.321	134.8	0.0027981	0.0010231	0.00098275
105	0.396	3.787	0.321	225.2	0.003132	0.00083635	0.0011884
105	0.396	3.787	0.321	255.3	0.0024954	0.00085191	0.0010019
105	0.396	3.787	0.321	277.6	0.0042748	0.0011972	0.0016337
105	0.396	3.787	0.321	292.6	0.0064968	0.0017152	0.0023519
105	0.396	3.787	0.321	307.6	0.012101	0.0034437	0.0044183
105	0.396	3.787	0.321	322.6	0.0049799	0.0016563	0.0022876
105	0.396	3.787	0.321	337.6	0.0058902	0.0012611	0.0021262
105	0.396	3.787	0.321	352.5	0.0066259	0.0010998	0.0028785
106	0.398	3.781	0.493	7.4	0.0059754	0.0006774	0.0021387
106	0.398	3.781	0.493	22.4	0.0049447	0.00062945	0.0016669
106	0.398	3.781	0.493	37.3	0.0053408	0.00073579	0.0020432
106	0.398	3.781	0.493	52.4	0.0066316	0.0011356	0.0030269
106	0.398	3.781	0.493	82.4	0.0028186	0.00057325	0.00095558
106	0.398	3.781	0.493	97.4	0.002743	0.00045938	0.00095052
106	0.398	3.781	0.493	112.4	0.0020833	0.00050703	0.00076908
106	0.398	3.781	0.493	127.5	0.0024025	0.00072823	0.00099571
106	0.398	3.781	0.493	142.5	0.0031229	0.00066612	0.0010255
106	0.398	3.781	0.493	157.5	0.0018174	0.00064987	0.00083386
106	0.398	3.781	0.493	180	0.00184	0.00042381	0.0006192
106	0.398	3.781	0.493	210.1	0.002275	0.00053416	0.00074251
106	0.398	3.781	0.493	232.5	0.0027133	0.00057131	0.0010017
106	0.398	3.781	0.493	270.4	0.0026841	0.00089007	0.00091526
106	0.398	3.781	0.493	300.6	0.0032116	0.0011025	0.0016036
106	0.398	3.781	0.493	337.6	0.0045199	0.00076064	0.0020648
106	0.398	3.781	0.493	352.6	0.0055731	0.00064372	0.0019019
107	0.398	3.774	0.695	7.4	0.0045889	0.00060339	0.0020217
107	0.398	3.774	0.695	22.3	0.003147	0.00056328	0.0010811
107	0.398	3.774	0.695	37.3	0.0029019	0.00057903	0.0010199
107	0.398	3.774	0.695	82.4	0.0020544	0.00071193	0.0008424
107	0.398	3.774	0.695	97.4	0.0015703	0.00039994	0.00055159
107	0.398	3.774	0.695	142.4	0.0014638	0.00041903	0.00050521
107	0.398	3.774	0.695	165	0.0012051	0.00031079	0.00043545
107	0.398	3.774	0.695	187.5	0.0013252	0.00034469	0.00043629
107	0.398	3.774	0.695	202.5	0.00094518	0.0003605	0.00033856
107	0.398	3.774	0.695	352.6	0.0033633	0.00055873	0.0011723
108	0.398	3.767	0.896	7.4	0.0025811	0.00055602	0.00089807
108	0.398	3.767	0.896	22.2	0.0021814	0.00066078	0.00084436
108	0.398	3.767	0.896	37.2	0.0030825	0.00085809	0.0014976
108	0.398	3.767	0.896	112.5	0.00076502	0.00030372	0.00035266
108	0.398	3.767	0.896	225.1	0.0008725	0.00033693	0.00039315
108	0.398	3.767	0.896	345.9	0.0020942	0.00052805	0.00079814
109	0.393	5.069	0.321	7.5	0.0087877	0.0012116	0.0029483
109	0.393	5.069	0.321	22.4	0.0059497	0.0011941	0.0021071
109	0.393	5.069	0.321	37.4	0.0067746	0.0016361	0.0024627
109	0.393	5.069	0.321	52.3	0.0077448	0.0013327	0.0026317
109	0.393	5.069	0.321	67.4	0.0055239	0.00086665	0.0021711
109	0.393	5.069	0.321	82.4	0.0052162	0.00088742	0.0017617
109	0.393	5.069	0.321	104.5	0.0035738	0.0006878	0.0011771
109	0.393	5.069	0.321	134.7	0.0022423	0.0006355	0.001055
109	0.393	5.069	0.321	164.9	0.0029363	0.00087525	0.0010111
109	0.393	5.069	0.321	195.1	0.0025174	0.00074463	0.00083804
109	0.393	5.069	0.321	225.3	0.0026296	0.00066227	0.00088042
109	0.393	5.069	0.321	255.5	0.0042077	0.0010632	0.0014216
109	0.393	5.069	0.321	277.6	0.0052483	0.0013501	0.0019683
109	0.393	5.069	0.321	292.6	0.0057119	0.0014216	0.0020678
109	0.393	5.069	0.321	315.6	0.0068304	0.0016418	0.0023485
109	0.393	5.069	0.321	337.6	0.0065433	0.0016786	0.0022797
109	0.393	5.069	0.321	352.6	0.0072087	0.0011519	0.002398
110	0.394	5.062	0.491	7.4	0.0053768	0.0007841	0.0018687
110	0.394	5.062	0.491	22.3	0.0040096	0.00065281	0.0016286
110	0.394	5.062	0.491	37.3	0.003876	0.00080856	0.0013201
110	0.394	5.062	0.491	52.3	0.0030752	0.0007737	0.0011557
110	0.394	5.062	0.491	67.3	0.0026248	0.00049222	0.0010983
110	0.394	5.062	0.491	82.3	0.0029179	0.00041	0.00095951
110	0.394	5.062	0.491	97.3	0.001325	0.00032411	0.00048127
110	0.394	5.062	0.491	112.4	0.0015549	0.0004288	0.00053478
110	0.394	5.062	0.491	127.4	0.0020055	0.00047495	0.00067451
110	0.394	5.062	0.491	142.4	0.0019418	0.00047165	0.00063812
110	0.394	5.062	0.491	164.9	0.0013519	0.00033848	0.00044728
110	0.394	5.062	0.491	187.5	0.0016664	0.00031957	0.0005602
110	0.394	5.062	0.491	202.5	0.0015275	0.00041874	0.0005483
110	0.394	5.062	0.491	225.3	0.0016342	0.00035294	0.00055629
110	0.394	5.062	0.491	247.6	0.0020832	0.0004989	0.0007541
110	0.394	5.062	0.491	262.7	0.0016679	0.00063664	0.0006288
110	0.394	5.062	0.491	315.9	0.0024289	0.00092028	0.001162
110	0.394	5.062	0.491	337.7	0.0050455	0.0012344	0.0020478
110	0.394	5.062	0.491	352.6	0.0057856	0.00084015	0.0026016
111	0.395	5.054	0.693	7.4	0.0051482	0.00063739	0.0016991
111	0.395	5.054	0.693	22.2	0.0032272	0.00050416	0.0011637
111	0.395	5.054	0.693	43.7	0.0014868	0.00032605	0.00048636
111	0.395	5.054	0.693	74.1	0.0006264	0.00023782	0.00023352
111	0.395	5.054	0.693	97.3	0.0012186	0.00025816	0.00041243
111	0.395	5.054	0.693	112.4	0.00089977	0.00027318	0.00030113
111	0.395	5.054	0.693	127.4	0.0011696	0.00029917	0.00037754
111	0.395	5.054	0.693	142.4	0.00077176	0.00021404	0.00025919
111	0.395	5.054	0.693	157.5	0.00079346	0.00024122	0.00025879
111	0.395	5.054	0.693	180	0.00055344	0.00014984	0.00018595
111	0.395	5.054	0.693	202.5	0.00044479	0.00016155	0.00015001
111	0.395	5.054	0.693	247.6	0.00077003	0.00027011	0.00034789
111	0.395	5.054	0.693	262.6	0.0013023	0.00045171	0.00046591
111	0.395	5.054	0.693	337.8	0.0042394	0.00080057	0.0016926
111	0.395	5.054	0.693	352.6	0.0054268	0.0006531	0.0021023
112	0.48	2.92	0.496	14.9	0.0044366	0.0012469	0.0019241
112	0.48	2.92	0.496	74.9	0.0070532	0.0026282	0.0026312
112	0.48	2.92	0.496	97.5	0.0088536	0.002648	0.0036306
112	0.48	2.92	0.496	112.5	0.0056296	0.0019081	0.0021586
112	0.48	2.92	0.496	352.5	0.0045088	0.0014705	0.0022648
113	0.48	2.92	0.696	14.8	0.0033103	0.0010358	0.0014962
113	0.48	2.92	0.696	112.5	0.0040096	0.0013774	0.0014506
113	0.48	2.92	0.696	127.5	0.0059331	0.0015063	0.0020171
113	0.48	2.92	0.696	240	0.0055186	0.0020377	0.002127
113	0.48	2.92	0.696	352.5	0.00445	0.0014085	0.0017294
114	0.496	3.765	0.503	14.9	0.0018956	0.00035716	0.00070843
114	0.496	3.765	0.503	44.8	0.0016123	0.00038873	0.00068262
114	0.496	3.765	0.503	82.2	0.0020813	0.0004479	0.0007336
114	0.496	3.765	0.503	112.5	0.0021036	0.00061107	0.00074715
114	0.496	3.765	0.503	270.2	0.0020086	0.00055189	0.00073079
114	0.496	3.765	0.503	292.5	0.0031904	0.00095638	0.0014892
114	0.496	3.765	0.503	352.5	0.0012276	0.00045466	0.00051357
115	0.506	3.777	0.696	7.5	0.0017814	0.00044007	0.00065133
115	0.506	3.777	0.696	22.5	0.0011375	0.00044838	0.00040997
115	0.506	3.777	0.696	97.5	0.0017945	0.0004956	0.00071994
115	0.506	3.777	0.696	112.5	0.0011327	0.00037437	0.00042838
115	0.506	3.777	0.696	127.5	0.0020109	0.00045654	0.00069574
115	0.506	3.777	0.696	337.6	0.0023538	0.00060101	0.00097481
115	0.506	3.777	0.696	352.6	0.0025566	0.00047274	0.0010227
116	0.506	3.774	0.896	97.5	0.0013918	0.00048424	0.00060518
116	0.506	3.774	0.896	112.5	0.0012164	0.00036701	0.00048672
116	0.506	3.774	0.896	142.5	0.0019245	0.00052418	0.0005921
117	0.492	4.998	0.503	7.5	0.0013273	0.00024669	0.00045191
117	0.492	4.998	0.503	22.4	0.0016591	0.00027191	0.00057408
117	0.492	4.998	0.503	37.4	0.0014175	0.00029202	0.00054723
117	0.492	4.998	0.503	52.4	0.0012499	0.0003302	0.00045859
117	0.492	4.998	0.503	67.4	0.0012793	0.00040123	0.00048864
117	0.492	4.998	0.503	82.4	0.0017037	0.00041949	0.00066719
117	0.492	4.998	0.503	97.4	0.0016869	0.00036924	0.00065963
117	0.492	4.998	0.503	112.4	0.00085063	0.00029325	0.00032105
117	0.492	4.998	0.503	134.9	0.0015149	0.00033847	0.00062261
117	0.492	4.998	0.503	217.7	0.00077242	0.00027241	0.00026942
117	0.492	4.998	0.503	255.2	0.0011987	0.00036602	0.00042183
117	0.492	4.998	0.503	285.3	0.00097009	0.00028516	0.00035545
117	0.492	4.998	0.503	315.3	0.002317	0.00047675	0.00091707
117	0.492	4.998	0.503	345.1	0.0012844	0.00027231	0.00048132
118	0.507	4.99	0.694	7.5	0.00064295	0.00020016	0.00025023
118	0.507	4.99	0.694	22.4	0.00078467	0.00019738	0.00031206
118	0.507	4.99	0.694	37.4	0.00080213	0.00020241	0.00029754
118	0.507	4.99	0.694	52.4	0.00057048	0.00018397	0.00020804
118	0.507	4.99	0.694	67.4	0.00082559	0.00023785	0.00028941
118	0.507	4.99	0.694	82.4	0.00078995	0.00021915	0.00031389
118	0.507	4.99	0.694	97.4	0.00066758	0.0001807	0.00026293
118	0.507	4.99	0.694	210.1	0.00077219	0.00023977	0.00025804
118	0.507	4.99	0.694	247.5	0.00089019	0.00028397	0.00031866
118	0.507	4.99	0.694	292.6	0.0013041	0.00036932	0.00045425
118	0.507	4.99	0.694	307.6	0.0009232	0.00035425	0.00034805
118	0.507	4.99	0.694	330.4	0.00089655	0.00028081	0.00039122
118	0.507	4.99	0.694	352.5	0.00086321	0.0002731	0.00033402
119	0.509	4.981	0.895	14.6	0.00050248	0.00013509	0.00021718
119	0.509	4.981	0.895	44.5	0.00033703	0.00013434	0.00015259
119	0.509	4.981	0.895	247.5	0.00047157	0.00017742	0.00017512
